2.1964357  13.026   0.005  22.854   0.333   80.24  0.989 c  J000448-415728.dat             -                             
2.2235142  13.562   0.004  28.762   0.308   75.56  1.712 b  J000448-415728.dat             -                             
2.2526879  13.400   0.005  23.441   0.316   74.66  2.392 c  J000448-415728.dat             -                             
2.2636242  13.811   0.004  39.366   0.414   67.88  2.174 b  J000448-415728.dat             -                             
2.2675425  13.674   0.003  25.606   0.209   68.60  0.969 b  J000448-415728.dat             -                             
2.2692755  13.557   0.004  23.203   0.278   69.04  1.622 l  J000448-415728.dat             -                             
2.2708056  13.544   0.006  19.805   0.320   69.15  2.800 l  J000448-415728.dat             -                             
2.2744811  13.074   0.010  19.823   0.635   74.42  2.000 b  J000448-415728.dat             -                             
2.2861168  13.535   0.004  23.934   0.248   75.59  2.287 c  J000448-415728.dat             -                             
2.2878082  13.458   0.005  45.721   0.715   74.75  1.196 l  J000448-415728.dat             -                             
2.2907946  13.545   0.007  51.351   1.030   74.70  2.626 b  J000448-415728.dat             -                             
2.2923874  13.419   0.007  40.370   0.827   74.71  2.011 b  J000448-415728.dat             -                             
2.2951953  13.053   0.012  41.653   1.419   75.40  1.845 c  J000448-415728.dat             -                             
2.2969777  13.478   0.004  28.265   0.383   76.13  1.366 b  J000448-415728.dat             -                             
2.2985129  13.391   0.008  38.748   0.926   76.15  2.299 b  J000448-415728.dat             -                             
2.3060415  13.773   0.002  27.567   0.142   76.22  0.827 b  J000448-415728.dat             -                             
2.3091487  13.056   0.010  46.529   1.463   76.84  1.073 c  J000448-415728.dat             -                             
2.3160359  12.922   0.014  44.547   1.722   77.99  1.440 c  J000448-415728.dat             -                             
2.3247655  13.511   0.004  23.175   0.250   77.81  1.435 l  J000448-415728.dat             -                             
2.3270654  13.182   0.007  26.490   0.473   77.35  1.668 c  J000448-415728.dat             -                             
2.3303187  13.051   0.012  35.274   1.188   79.43  2.017 c  J000448-415728.dat             -                             
2.3451377  13.651   0.004  24.578   0.211   73.68  2.148 c  J000448-415728.dat             -                             
2.3482963  12.932   0.016  56.879   2.786   71.60  1.143 c  J000448-415728.dat             -                             
2.3497563  12.925   0.014  57.170   2.429   71.89  0.829 c  J000448-415728.dat             -                             
2.3514389  13.094   0.008  31.351   0.724   71.94  1.087 c  J000448-415728.dat             -                             
2.3552166  13.005   0.027  64.714   5.125   74.20  1.355 l  J000448-415728.dat             -                             
2.3562485  13.113   0.013  55.104   2.271   74.28  1.217 b  J000448-415728.dat             -                             
2.3728004  13.405   0.006  37.096   0.676   73.95  1.360 b  J000448-415728.dat             -                             
2.3793324  13.011   0.008  30.636   0.646   71.69  0.795 c  J000448-415728.dat             -                             
2.3801488  12.912   0.011  24.515   0.737   71.80  1.092 r  J000448-415728.dat             -                             
2.3896330  13.756   0.003  27.882   0.181   74.24  1.733 c  J000448-415728.dat             -                             
2.4032190  13.035   0.010  34.169   1.031   70.86  0.838 b  J000448-415728.dat             -                             
2.4040838  13.111   0.012  22.113   0.778   70.88  2.284 r  J000448-415728.dat             -                             
2.4074589  13.615   0.005  23.684   0.254   68.93  2.688 c  J000448-415728.dat             -                             
2.4084489  13.151   0.017  59.333   3.010   68.95  1.642 r  J000448-415728.dat             -                             
2.4182611  13.925   0.003  24.992   0.198   72.18  2.018 b  J000448-415728.dat             -                             
2.4286810  13.021   0.006  25.212   0.430   74.53  0.753 c  J000448-415728.dat             -                             
2.4322146  13.596   0.003  22.630   0.174   71.81  0.846 l  J000448-415728.dat             -                             
2.4409833  14.117   0.004  28.772   0.186   73.50  1.615 b  J000448-415728.dat             -                             
2.4436497  14.280   0.008  26.289   0.243   73.79  2.530 b  J000448-415728.dat             -                             
2.4461718  13.060   0.023  47.627   2.965   76.27  1.398 l  J000448-415728.dat             -                             
2.4499575  12.971   0.009  24.684   0.660   76.25  1.006 r  J000448-415728.dat             -                             
2.4592818  13.496   0.004  24.943   0.303   79.25  1.982 r  J000448-415728.dat             -                             
2.4670726  13.610   0.004  21.802   0.226   79.05  1.571 b  J000448-415728.dat             -                             
2.4804376  13.130   0.012  51.556   1.818   78.24  1.174 r  J000448-415728.dat             -                             
2.4840685  13.312   0.005  39.968   0.613   79.63  0.919 l  J000448-415728.dat             -                             
2.4870137  13.241   0.006  22.293   0.358   80.32  2.224 c  J000448-415728.dat             -                             
2.4898238  13.566   0.003  21.401   0.172   81.76  1.352 r  J000448-415728.dat             -                             
2.4958873  13.118   0.010  35.148   1.012   74.04  1.373 l  J000448-415728.dat             -                             
2.4974698  14.005   0.003  42.525   0.323   74.02  2.626 b  J000448-415728.dat             -                             
2.5004845  13.246   0.055 109.693  15.210   72.41  0.784 l  J000448-415728.dat             -                             
2.5015122  13.397   0.008  51.889   1.204   72.39  1.411 b  J000448-415728.dat             -                             
2.5062203  13.754   0.003  25.770   0.215   72.33  1.610 b  J000448-415728.dat             -                             
2.5080091  13.371   0.005  31.186   0.519   72.26  1.253 b  J000448-415728.dat             -                             
2.5142448  13.556   0.004  38.635   0.468   72.28  1.513 b  J000448-415728.dat             -                             
2.5183410  13.390   0.009  55.372   1.501   72.30  2.242 b  J000448-415728.dat             -                             
2.5285318  13.122   0.032  89.229   7.912   71.01  0.658 b  J000448-415728.dat             -                             
2.5299444  13.278   0.010  38.206   1.082   70.93  1.599 l  J000448-415728.dat             -                             
2.5331027  13.325   0.005  26.578   0.383   71.30  0.851 l  J000448-415728.dat             -                             
2.5443231  13.414   0.007  22.264   0.417   72.16  2.929 r  J000448-415728.dat             -                             
2.5570499  13.290   0.004  24.431   0.271   75.66  1.134 c  J000448-415728.dat             -                             
2.5661318  13.128   0.017  71.701   3.626   69.49  0.733 c  J000448-415728.dat             -                             
2.5677016  13.123   0.025  66.363   4.926   69.63  1.129 b  J000448-415728.dat             -                             
2.5764476  13.248   0.007  31.508   0.603   72.42  1.917 c  J000448-415728.dat             -                             
2.6117212  13.363   0.003  24.883   0.198   87.86  0.976 c  J000448-415728.dat             -                             
2.6445041  13.563   0.004  23.803   0.260   95.98  2.476 b  J000448-415728.dat             -                             
2.6527198  13.592   0.004  30.606   0.335   96.01  2.624 b  J000448-415728.dat             -                             
2.6590711  13.335   0.004  24.561   0.297   97.15  1.549 b  J000448-415728.dat             -                             
2.6621902  13.012   0.008  32.281   0.834   97.46  1.037 b  J000448-415728.dat             -                             
2.6664475  13.019   0.008  31.338   0.705   97.75  1.509 c  J000448-415728.dat             -                             
2.6692346  13.212   0.008  28.939   0.706   98.42  2.069 b  J000448-415728.dat             -                             
2.6726693  13.363   0.004  30.482   0.396   98.46  1.621 b  J000448-415728.dat             -                             
2.6741573  13.041   0.019  54.011   2.940   98.48  1.967 l  J000448-415728.dat             -                             
2.6796181  12.993   0.011  40.633   1.355  106.17  1.842 b  J000448-415728.dat             -                             
2.6896243  13.133   0.008  39.622   0.947  114.93  1.951 r  J000448-415728.dat             -                             
2.6913444  13.190   0.005  31.213   0.465  114.87  1.482 r  J000448-415728.dat             -                             
2.6969219  13.036   0.006  42.567   0.703  113.90  0.920 c  J000448-415728.dat             -                             
2.7011228  13.842   0.002  25.998   0.110  113.53  1.304 l  J000448-415728.dat             -                             
2.7079814  12.984   0.005  27.599   0.407   67.15  0.959 c  J000448-415728.dat             -                             
2.7092178  13.235   0.004  27.088   0.318   62.08  2.201 c  J000448-415728.dat             -                             
