2.5507530  13.168   0.034  32.881   3.328   14.78  0.959 c  J033900-013318_v1.dat          -                             
2.5532326  13.026   0.030   9.005   0.900   14.96  1.048 r  J033900-013318_v1.dat          -                             
2.5552685  13.406   0.028  23.853   2.007   14.72  1.362 r  J033900-013318_v1.dat          -                             
2.5570728  13.599   0.016  20.772   0.836   13.90  1.059 c  J033900-013318_v1.dat          -                             
2.5582804  13.287   0.025  27.094   1.898   14.05  0.799 c  J033900-013318_v1.dat          -                             
2.5668019  12.769   0.000  32.745   0.000   13.05  0.378 c  J033900-013318_v1.dat          -                             
2.5676266  12.816   0.054  24.804   3.748   12.71  0.716 c  J033900-013318_v1.dat          -                             
2.5725825  13.088   0.066  33.025   6.490   12.24  1.587 c  J033900-013318_v1.dat          -                             
2.5740080  13.223   0.037  36.456   4.150   13.10  0.577 c  J033900-013318_v1.dat          -                             
2.5750358  13.194   0.000  35.767   0.000   13.80  1.568 c  J033900-013318_v1.dat          -                             
2.5759460  12.941   0.095  50.000  12.052   13.73  0.283 c  J033900-013318_v1.dat          -                             
2.5781191  13.471   0.020  27.745   1.424   13.48  1.181 c  J033900-013318_v1.dat          -                             
2.5833606  13.944   0.045  14.785   0.888   12.59  1.176 b  J033900-013318_v1.dat          -                             
2.5841499  13.657   0.018  26.012   1.365   12.52  1.302 b  J033900-013318_v1.dat          -                             
2.5849834  13.075   0.000  29.050   0.000   12.46  0.453 b  J033900-013318_v1.dat          me
2.5856091  13.189   0.000  28.646   0.000   12.18  1.470 b  J033900-013318_v1.dat          -                             
2.5886028  13.271   0.065  21.220   3.612   12.17  2.654 c  J033900-013318_v1.dat          me
2.5889372  13.107   0.064  18.594   3.525   12.24  0.481 b  J033900-013318_v1.dat          -                             
2.5893188  13.876   0.050  12.925   0.803   12.31  0.881 b  J033900-013318_v1.dat          -                             
2.5900954  13.553   0.023  26.953   1.693   12.48  1.080 b  J033900-013318_v1.dat          -                             
2.5913180  12.888   0.059  25.943   4.344   12.66  1.137 c  J033900-013318_v1.dat          -                             
2.5951172  13.778   0.018  31.988   1.880   13.16  0.736 b  J033900-013318_v1.dat          -                             
2.5955599  13.390   0.030  18.513   1.464   13.16  0.419 r  J033900-013318_v1.dat          -                             
2.5989669  13.688   0.015  23.785   1.046   12.48  0.534 l  J033900-013318_v1.dat          -                             
2.5999507  14.418   0.079  27.673   1.747   12.47  1.425 b  J033900-013318_v1.dat          -                             
2.6064567  13.586   0.024  27.821   1.927   11.25  1.501 c  J033900-013318_v1.dat          -                             
2.6074143  13.284   0.000  50.000   0.000   10.91  1.273 c  J033900-013318_v1.dat          me
2.6085137  13.993   0.027  28.544   1.030   10.65  1.146 c  J033900-013318_v1.dat          -                             
2.6090148  12.924   0.000  20.858   0.000   10.63  0.591 r  J033900-013318_v1.dat          -                             
2.6104693  13.434   0.021  20.442   1.349   10.30  0.514 c  J033900-013318_v1.dat          -                             
2.6129335  12.873   0.058  11.176   1.964   10.65  0.829 c  J033900-013318_v1.dat          -                             
2.6150200  13.291   0.033  14.508   1.339   10.08  0.931 c  J033900-013318_v1.dat          -                             
2.6162806  13.237   0.000  38.257   0.000   10.20  0.245 c  J033900-013318_v1.dat          me
2.6168818  13.366   0.038  37.497   4.288   10.15  1.308 c  J033900-013318_v1.dat          me
2.6176494  13.022   0.105  28.018   7.846   10.13  0.666 l  J033900-013318_v1.dat          me
2.6181099  13.715   0.000  22.163   0.000   10.10  0.383 l  J033900-013318_v1.dat          -                             
2.6216250  13.392   0.000  33.558   0.000   10.69  1.967 c  J033900-013318_v1.dat          -                             
2.6221803  13.637   0.022  16.941   1.190   10.64  0.773 b  J033900-013318_v1.dat          -                             
2.6226574  13.404   0.041  29.939   3.565   10.49  0.919 r  J033900-013318_v1.dat          -                             
2.6250928  13.881   0.017  23.601   0.727    9.79  0.557 c  J033900-013318_v1.dat          -                             
2.6264039  14.067   0.020  31.518   0.992   10.15  0.884 c  J033900-013318_v1.dat          -                             
2.6270163  13.053   0.090  17.167   4.550   10.08  0.430 r  J033900-013318_v1.dat          me
2.6279873  14.213   0.056  24.200   1.133    9.61  1.195 c  J033900-013318_v1.dat          -                             
2.6289891  12.961   0.063  33.464   6.396    9.68  0.600 c  J033900-013318_v1.dat          -                             
2.6319618  12.942   0.073  19.343   3.660    9.87  1.280 c  J033900-013318_v1.dat          -                             
2.6361462  13.096   0.031  21.285   1.875   10.67  0.608 c  J033900-013318_v1.dat          -                             
2.6371069  13.257   0.032  19.090   1.695   11.08  0.822 c  J033900-013318_v1.dat          -                             
2.6406201  13.605   0.023  27.624   1.657   11.23  1.240 c  J033900-013318_v1.dat          -                             
2.6409505  13.070   0.042  17.999   2.313   11.34  0.208 r  J033900-013318_v1.dat          -                             
2.6418757  14.175   0.041  23.517   1.189   10.81  0.745 l  J033900-013318_v1.dat          -                             
2.6444978  13.634   0.014  30.133   1.066   10.75  0.476 c  J033900-013318_v1.dat          -                             
2.6449602  13.016   0.000  23.691   0.000   11.03  0.928 r  J033900-013318_v1.dat          -                             
2.6470127  12.769   0.059  13.524   2.252   10.86  0.813 c  J033900-013318_v1.dat          -                             
2.6478777  12.921   0.088  28.306   7.489   10.92  0.941 c  J033900-013318_v1.dat          -                             
2.6492938  13.857   0.015  22.451   0.673   11.14  0.522 c  J033900-013318_v1.dat          -                             
2.6624236  13.218   0.035  23.483   2.266   10.74  1.062 c  J033900-013318_v1.dat          -                             
2.6632249  13.271   0.026  20.797   1.757   10.22  0.523 c  J033900-013318_v1.dat          -                             
2.6651652  13.655   0.028  17.485   1.389   10.26  0.675 b  J033900-013318_v1.dat          -                             
2.6658205  12.908   0.058   6.428   1.065   10.48  0.840 r  J033900-013318_v1.dat          -                             
2.6696502  13.047   0.020   9.276   0.540   12.00  0.329 c  J033900-013318_v1.dat          -                             
2.6712409  12.699   0.057  17.360   2.739   11.47  0.532 c  J033900-013318_v1.dat          -                             
2.6743616  12.647   0.000  17.313   0.000   11.23  0.631 r  J033900-013318_v1.dat          -                             
2.6835695  13.066   0.036  13.117   1.248   13.42  1.056 c  J033900-013318_v1.dat          -                             
2.6863338  13.191   0.059  20.135   3.833   12.96  1.238 c  J033900-013318_v1.dat          -                             
2.6896964  12.776   0.101  27.690   8.075   12.51  0.675 l  J033900-013318_v1.dat          -                             
2.6919181  13.156   0.026  22.795   1.850   11.83  0.417 c  J033900-013318_v1.dat          -                             
2.6935673  12.954   0.178  50.000   1.781   11.61  0.861 c  J033900-013318_v1.dat          me
2.6973382  12.978   0.093  38.188  10.962   11.16  1.191 c  J033900-013318_v1.dat          -                             
2.7014506  12.924   0.041  19.031   2.399    9.08  0.406 c  J033900-013318_v1.dat          -                             
2.7020898  13.243   0.000  20.883   0.000    9.54  0.631 l  J033900-013318_v1.dat          me
2.7047149  13.135   0.048  25.083   3.918   10.00  0.884 c  J033900-013318_v1.dat          -                             
2.7056596  13.140   0.109  18.199   5.005    9.99  1.532 c  J033900-013318_v1.dat          -                             
2.7154003  13.436   0.029  29.585   2.515   11.51  0.626 l  J033900-013318_v1.dat          -                             
2.7165428  13.923   0.015  33.357   1.336   11.45  0.862 r  J033900-013318_v1.dat          -                             
2.7244012  13.270   0.074  25.705   4.997   10.79  0.533 l  J033900-013318_v1.dat          -                             
2.7248355  13.612   0.018  28.953   1.529   10.79  0.750 r  J033900-013318_v1.dat          -                             
2.7308922  13.200   0.035  25.242   2.411   12.47  1.000 c  J033900-013318_v1.dat          -                             
2.7374909  13.250   0.039  24.744   3.010   12.23  0.995 c  J033900-013318_v1.dat          -                             
2.7398185  12.942   0.060  27.927   4.723   11.93  0.912 c  J033900-013318_v1.dat          -                             
2.7467220  12.976   0.000  23.473   0.000    9.25  0.992 c  J033900-013318_v1.dat          me
2.7477370  14.454   0.088  25.995   1.655    8.98  1.269 b  J033900-013318_v1.dat          -                             
2.7489047  14.154   0.043  25.407   1.486    9.00  1.209 b  J033900-013318_v1.dat          -                             
2.7495956  13.154   0.108  29.720   8.875    9.12  1.019 r  J033900-013318_v1.dat          me
2.7502939  13.009   0.116  21.182   6.293    9.06  0.624 l  J033900-013318_v1.dat          me
2.7519477  13.257   0.119  17.731   4.440    8.82  0.588 r  J033900-013318_v1.dat          -                             
2.7544784  13.852   0.020  33.915   1.762    9.54  1.106 r  J033900-013318_v1.dat          -                             
2.7606070  13.384   0.022  12.238   0.824    9.60  0.611 b  J033900-013318_v1.dat          -                             
2.7617083  13.835   0.017  31.959   1.674    9.94  0.826 b  J033900-013318_v1.dat          -                             
2.7620395  13.230   0.152  19.557   5.887    9.96  1.056 r  J033900-013318_v1.dat          -                             
2.7629032  13.071   0.076  10.504   2.234   10.53  1.651 b  J033900-013318_v1.dat          -                             
2.7652363  13.111   0.065  40.933   8.224   10.69  0.793 c  J033900-013318_v1.dat          -                             
2.7666302  13.105   0.033  20.871   1.922   10.55  0.652 c  J033900-013318_v1.dat          -                             
2.7687622  13.023   0.048  20.329   2.610   10.59  1.023 c  J033900-013318_v1.dat          -                             
2.7708063  13.352   0.051  21.570   3.138    9.87  1.077 l  J033900-013318_v1.dat          -                             
2.7714548  13.284   0.062  16.578   2.820    9.86  0.811 r  J033900-013318_v1.dat          -                             
2.7732468  14.539   0.071  27.859   1.172    9.59  0.981 c  J033900-013318_v1.dat          -                             
2.7747459  13.294   0.039  28.964   2.695    8.96  0.828 c  J033900-013318_v1.dat          -                             
2.7763059  13.096   0.085  24.773   6.586    9.69  0.867 c  J033900-013318_v1.dat          -                             
2.7771255  13.000   0.044  25.804   3.259   10.21  0.690 c  J033900-013318_v1.dat          -                             
2.7789767  13.122   0.040  27.867   3.426   11.42  0.489 c  J033900-013318_v1.dat          -                             
2.7851310  13.767   0.024  24.759   1.610   11.33  1.380 l  J033900-013318_v1.dat          -                             
2.7856467  13.131   0.065  16.633   2.706   11.33  0.485 r  J033900-013318_v1.dat          -                             
2.7881497  13.023   0.040  20.296   2.220   10.37  0.612 c  J033900-013318_v1.dat          -                             
2.7890386  13.006   0.000  50.000   0.000   10.01  1.023 b  J033900-013318_v1.dat          me
2.7913372  12.950   0.078  23.985   5.373    9.57  1.377 c  J033900-013318_v1.dat          me
2.7924553  14.025   0.061  17.720   1.349    9.58  1.465 r  J033900-013318_v1.dat          -                             
2.7932849  13.114   0.060  18.948   3.388    9.67  0.943 l  J033900-013318_v1.dat          -                             
2.7939042  14.022   0.020  28.798   1.186    9.65  0.710 b  J033900-013318_v1.dat          -                             
2.7945928  13.059   0.128  22.965   6.855    9.67  0.392 r  J033900-013318_v1.dat          me
2.8000424  12.936   0.081  15.182   3.228    9.69  1.608 c  J033900-013318_v1.dat          -                             
2.8046486  13.208   0.037  17.959   1.984    9.99  0.853 c  J033900-013318_v1.dat          -                             
2.8057251  12.697   0.066  15.158   2.722    9.63  0.595 c  J033900-013318_v1.dat          -                             
2.8070806  12.899   0.061  24.907   4.296   10.15  0.717 c  J033900-013318_v1.dat          -                             
2.8079833  13.542   0.021  21.157   1.279    9.98  0.820 c  J033900-013318_v1.dat          -                             
2.8121879  13.146   0.000  50.000   0.000   10.03  1.274 c  J033900-013318_v1.dat          me
2.8130152  12.912   0.074  24.519   5.204   10.07  1.058 c  J033900-013318_v1.dat          -                             
2.8171751  12.879   0.103  29.778   8.868   11.28  1.142 r  J033900-013318_v1.dat          -                             
2.8432639  13.352   0.072  25.285   6.195    6.92  1.287 c  J033900-013318_v1.dat          -                             
2.8491073  12.651   0.271  50.000   2.317    8.14  0.395 c  J033900-013318_v1.dat          me
2.8505673  13.084   0.000  11.510   0.000    7.70  0.588 l  J033900-013318_v1.dat          -                             
2.8510834  14.435   0.084  25.476   1.528    7.70  1.088 c  J033900-013318_v1.dat          -                             
2.8535374  13.721   0.000  37.391   0.000    7.62  1.635 c  J033900-013318_v1.dat          -                             
2.8544797  13.810   0.025  29.120   1.917    7.70  0.820 r  J033900-013318_v1.dat          -                             
2.8555790  13.491   0.023  29.334   1.860    7.84  0.798 c  J033900-013318_v1.dat          -                             
2.8577443  14.650   0.116  25.689   2.381    8.15  0.588 l  J033900-013318_v1.dat          -                             
2.8598590  13.300   0.000  46.738   0.000    8.66  1.376 c  J033900-013318_v1.dat          -                             
2.8609024  13.196   0.114  17.871   4.612    8.71  0.590 l  J033900-013318_v1.dat          -                             
2.8627379  13.198   0.000  25.245   0.000    8.65  1.011 c  J033900-013318_v1.dat          -                             
2.8649879  13.387   0.055  20.489   2.983    8.94  0.735 l  J033900-013318_v1.dat          -                             
2.8661099  13.801   0.019  23.175   1.617    8.96  0.699 b  J033900-013318_v1.dat          -                             
2.8669125  13.370   0.040  19.651   2.932    9.03  0.600 b  J033900-013318_v1.dat          me
2.8675316  13.513   0.042   9.758   1.111    9.06  0.948 r  J033900-013318_v1.dat          -                             
2.8683097  13.230   0.000  50.000   0.000    9.14  1.220 c  J033900-013318_v1.dat          -                             
2.8734108  12.944   0.089  32.880   8.777    8.81  0.576 c  J033900-013318_v1.dat          -                             
2.8743575  14.201   0.094  17.612   1.534    8.50  0.687 l  J033900-013318_v1.dat          -                             
2.8781748  13.295   0.047  24.665   3.776    8.53  0.764 r  J033900-013318_v1.dat          me
2.8788881  13.478   0.028  31.775   2.510    8.48  0.822 c  J033900-013318_v1.dat          -                             
2.8821579  13.687   0.029  28.471   2.369    8.50  0.765 r  J033900-013318_v1.dat          -                             
2.8841218  13.881   0.017  25.435   1.275    9.37  0.534 b  J033900-013318_v1.dat          -                             
2.8852556  14.532   0.088  28.813   1.748    9.37  1.311 r  J033900-013318_v1.dat          -                             
2.8879810  13.214   0.033  20.174   2.036    9.24  0.608 c  J033900-013318_v1.dat          -                             
2.8884334  13.221   0.182  50.000   8.475    8.85  1.267 c  J033900-013318_v1.dat          me
2.8892931  13.372   0.027   9.672   0.659    8.61  0.685 l  J033900-013318_v1.dat          -                             
2.8898184  13.185   0.052  14.915   2.401    8.63  1.155 r  J033900-013318_v1.dat          -                             
2.8920129  13.373   0.000  40.396   0.000    8.99  1.567 c  J033900-013318_v1.dat          -                             
2.8988014  14.031   0.018  32.555   0.968   10.21  0.865 c  J033900-013318_v1.dat          -                             
2.9062352  12.991   0.043  21.987   2.829   11.16  0.603 c  J033900-013318_v1.dat          -                             
2.9078499  13.369   0.028  25.663   2.243   10.71  0.948 c  J033900-013318_v1.dat          -                             
2.9089702  13.330   0.000  50.000   0.000   10.72  1.860 c  J033900-013318_v1.dat          me
2.9213016  13.612   0.041  14.296   1.151   10.23  0.814 r  J033900-013318_v1.dat          -                             
2.9225226  13.391   0.033  20.590   2.207   10.15  0.713 c  J033900-013318_v1.dat          -                             
2.9275529  13.148   0.105  18.718   4.486   11.00  0.514 l  J033900-013318_v1.dat          -                             
2.9279904  13.918   0.019  33.600   1.318   11.00  1.195 c  J033900-013318_v1.dat          -                             
2.9353170  13.204   0.048  25.954   3.461   11.62  0.638 l  J033900-013318_v1.dat          -                             
2.9357592  13.489   0.029  28.097   2.403   11.59  0.914 r  J033900-013318_v1.dat          -                             
2.9425875  13.100   0.065  20.815   4.384   10.15  0.854 b  J033900-013318_v1.dat          me
2.9443615  14.356   0.054  29.821   1.589    9.43  1.318 r  J033900-013318_v1.dat          -                             
2.9460965  13.179   0.068  39.269   8.050    9.28  0.601 c  J033900-013318_v1.dat          -                             
2.9468126  13.104   0.114  26.255   7.760    9.02  0.833 l  J033900-013318_v1.dat          me
2.9524771  13.600   0.021  26.333   1.695    9.23  0.815 b  J033900-013318_v1.dat          -                             
2.9533554  12.850   0.080  26.921   6.650    9.29  0.684 b  J033900-013318_v1.dat          me
2.9541077  13.311   0.042  26.325   3.273    9.45  1.075 l  J033900-013318_v1.dat          -                             
2.9548390  13.749   0.020  23.805   1.341    9.59  0.984 b  J033900-013318_v1.dat          -                             
2.9591851  13.131   0.125  36.655  11.335   10.42  0.945 r  J033900-013318_v1.dat          -                             
2.9630893  13.375   0.000  26.506   0.000   10.78  1.964 c  J033900-013318_v1.dat          me
2.9679460  13.250   0.036  29.881   3.328   11.18  0.917 c  J033900-013318_v1.dat          -                             
2.9697006  13.686   0.025  34.403   3.064   10.85  0.479 c  J033900-013318_v1.dat          -                             
2.9714829  13.080   0.050  22.431   3.539   10.74  0.739 c  J033900-013318_v1.dat          -                             
2.9727917  12.903   0.070  22.826   4.801   10.90  1.009 c  J033900-013318_v1.dat          -                             
2.9735812  13.585   0.021  17.738   0.983   10.74  0.827 c  J033900-013318_v1.dat          -                             
2.9764360  13.262   0.000  25.419   0.000    8.60  1.344 c  J033900-013318_v1.dat          me
2.9830009  13.944   0.000  20.249   0.000    8.57  1.389 c  J033900-013318_v1.dat          -                             
2.9835224  13.269   0.000  28.839   0.000    8.84  1.104 r  J033900-013318_v1.dat          me
2.9849063  14.175   0.032  29.032   1.349    9.86  1.070 l  J033900-013318_v1.dat          -                             
2.9866522  13.054   0.028  13.954   1.193   10.88  0.268 l  J033900-013318_v1.dat          -                             
2.9885034  13.078   0.045  11.675   1.682   10.95  1.278 r  J033900-013318_v1.dat          -                             
2.9911535  12.813   0.100  38.530  12.088   12.04  0.652 c  J033900-013318_v1.dat          -                             
2.9923665  14.115   0.035  25.604   0.971   11.76  1.239 c  J033900-013318_v1.dat          -                             
2.9934328  12.914   0.062  28.856   5.436   11.25  0.593 c  J033900-013318_v1.dat          -                             
2.9945476  12.954   0.097  34.475  10.451   11.63  0.762 c  J033900-013318_v1.dat          me
2.9955654  13.760   0.024  25.741   1.691   11.94  1.739 c  J033900-013318_v1.dat          -                             
2.9989200  13.007   0.100  44.683  13.468   11.06  0.755 c  J033900-013318_v1.dat          me
2.9998413  12.623   0.078  11.973   2.618   10.25  0.420 c  J033900-013318_v1.dat          -                             
3.0012497  13.247   0.034  19.786   1.743    9.40  0.886 c  J033900-013318_v1.dat          -                             
3.0020148  13.159   0.248  50.000   1.393    9.17  1.372 l  J033900-013318_v1.dat          me
3.0028095  13.482   0.033  22.278   2.291    9.44  1.525 r  J033900-013318_v1.dat          -                             
3.0037323  13.215   0.045  27.327   3.462    9.62  1.355 c  J033900-013318_v1.dat          -                             
3.0048212  13.273   0.053  42.384   7.214    9.86  0.912 c  J033900-013318_v1.dat          -                             
3.0059320  13.135   0.141  50.000  15.494    9.97  0.879 c  J033900-013318_v1.dat          -                             
3.0082637  14.273   0.078  18.428   1.236    9.86  0.757 l  J033900-013318_v1.dat          -                             
3.0110904  13.358   0.058  26.680   3.974    9.81  1.204 r  J033900-013318_v1.dat          me
3.0121353  13.892   0.041  18.347   1.022    9.89  1.092 c  J033900-013318_v1.dat          -                             
3.0129191  13.108   0.059  25.810   4.615    9.61  1.321 r  J033900-013318_v1.dat          -                             
3.0148305  12.782   0.071  12.960   2.758    9.84  0.537 c  J033900-013318_v1.dat          -                             
3.0167071  13.057   0.078  41.571   9.950    9.75  0.789 c  J033900-013318_v1.dat          me
3.0207511  14.252   0.051  26.312   1.856   10.32  1.293 r  J033900-013318_v1.dat          -                             
3.0217247  12.880   0.056  19.827   3.432   10.01  0.670 r  J033900-013318_v1.dat          -                             
3.0235122  13.323   0.000  43.289   0.000    9.32  0.731 c  J033900-013318_v1.dat          -                             
3.0265133  13.131   0.098  26.755   8.014    8.40  0.880 b  J033900-013318_v1.dat          me
3.0277214  13.801   0.019  26.975   1.433    7.98  1.227 b  J033900-013318_v1.dat          -                             
3.0290860  13.293   0.120  20.189   6.643    7.42  1.126 b  J033900-013318_v1.dat          -                             
3.0859826  13.349   0.025  18.157   1.520    6.83  0.139 b  J033900-013318_v1.dat          -                             
3.0863650  13.252   0.056  18.200   3.158    6.83  0.613 b  J033900-013318_v1.dat          me
3.0869033  13.599   0.039  40.286   4.947    6.71  0.748 b  J033900-013318_v1.dat          me
3.0880077  13.283   0.000  21.463   0.000    6.37  0.433 r  J033900-013318_v1.dat          -                             
3.0900339  13.832   0.020  31.288   1.279    6.75  0.881 c  J033900-013318_v1.dat          -                             
3.0904765  13.304   0.000  33.103   0.000    6.93  1.288 b  J033900-013318_v1.dat          me
3.0910186  13.065   0.063  14.907   2.770    7.01  0.427 l  J033900-013318_v1.dat          -                             
3.0915624  14.002   0.022  30.311   1.092    7.02  0.860 c  J033900-013318_v1.dat          -                             
3.0925046  12.900   0.075  22.431   5.229    6.57  0.647 c  J033900-013318_v1.dat          -                             
3.0934136  13.317   0.066  30.395   6.687    7.19  1.598 c  J033900-013318_v1.dat          -                             
3.0944151  13.146   0.046   8.593   1.206    7.84  1.136 b  J033900-013318_v1.dat          -                             
3.0949706  13.943   0.139   9.660   1.046    8.04  0.755 b  J033900-013318_v1.dat          -                             
3.0963958  12.899   0.041   6.494   0.867    8.98  0.789 c  J033900-013318_v1.dat          -                             
3.0991059  12.931   0.107  37.384  12.178   10.77  0.938 c  J033900-013318_v1.dat          me
3.1002026  13.127   0.000  30.299   0.000   10.73  1.128 c  J033900-013318_v1.dat          me
3.1032346  13.416   0.029  30.952   2.637   10.50  1.071 c  J033900-013318_v1.dat          -                             
3.1042995  13.108   0.100  46.435  14.056   10.45  1.091 c  J033900-013318_v1.dat          -                             
3.1049686  12.935   0.047  22.556   2.985   10.46  0.550 c  J033900-013318_v1.dat          -                             
3.1063843  13.060   0.097  38.077  11.147   10.39  0.597 c  J033900-013318_v1.dat          -                             
3.1082605  13.396   0.080  50.000  11.436    9.90  0.837 b  J033900-013318_v1.dat          -                             
3.1089737  13.227   0.000  31.181   0.000   10.05  0.662 l  J033900-013318_v1.dat          me
3.1092977  13.187   0.067  16.666   3.634   10.08  0.801 b  J033900-013318_v1.dat          me
3.1219723  13.211   0.000  28.979   0.000   10.09  0.388 r  J033900-013318_v1.dat          me
3.1223895  13.349   0.100  50.000  13.841   10.15  0.672 b  J033900-013318_v1.dat          me
3.1228815  13.078   0.058  24.684   4.592   10.25  0.618 b  J033900-013318_v1.dat          me
3.1234013  13.235   0.074  35.289   7.835   10.28  0.672 b  J033900-013318_v1.dat          me
3.1239023  13.428   0.067  48.464   9.494   10.60  0.772 b  J033900-013318_v1.dat          -                             
3.1243116  13.263   0.000  50.000   0.000   10.76  0.906 r  J033900-013318_v1.dat          me
3.1250833  13.113   0.060  23.511   3.887   11.83  0.295 l  J033900-013318_v1.dat          -                             
3.1256922  13.627   0.013  25.625   0.998   11.99  0.447 r  J033900-013318_v1.dat          -                             
3.1321314  13.950   0.013  27.857   0.842   13.71  0.862 r  J033900-013318_v1.dat          -                             
3.1492567  13.099   0.067  35.386   7.214   13.82  1.255 c  J033900-013318_v1.dat          -                             
3.1505752  13.627   0.014  28.756   1.010   13.17  0.825 c  J033900-013318_v1.dat          -                                                                             