2.9510408  13.166   0.034  20.641   1.852   12.99  0.863 r  J073149+285448_v1.dat          -                             
2.9551542  13.048   0.023  12.413   0.901   18.57  0.480 r  J073149+285448_v1.dat          -                             
2.9638019  12.916   0.049  31.077   4.681   19.58  0.964 l  J073149+285448_v1.dat          -                             
2.9650936  13.895   0.009  30.267   0.628   20.12  0.877 r  J073149+285448_v1.dat          -                             
2.9689159  12.999   0.047  37.400   4.960   19.45  0.361 l  J073149+285448_v1.dat          -                             
2.9695227  13.455   0.013  30.536   1.075   19.03  0.993 c  J073149+285448_v1.dat          -                             
2.9717706  13.199   0.045  29.331   3.960   19.37  1.234 c  J073149+285448_v1.dat          -                             
2.9776930  12.940   0.034  27.898   2.755   18.80  0.741 c  J073149+285448_v1.dat          -                             
2.9812014  14.382   0.034  27.269   0.817   17.29  1.024 l  J073149+285448_v1.dat          -                             
2.9838645  13.433   0.015  23.839   1.051   17.85  0.710 l  J073149+285448_v1.dat          -                             
2.9848149  14.114   0.024  21.818   0.653   17.85  1.210 r  J073149+285448_v1.dat          -                             
2.9872127  13.756   0.012  23.443   0.573   17.77  1.148 c  J073149+285448_v1.dat          -                             
2.9907836  13.745   0.012  27.354   0.923   17.88  1.259 b  J073149+285448_v1.dat          -                             
2.9926461  13.191   0.039  46.126   5.584   17.58  0.708 c  J073149+285448_v1.dat          -                             
3.0001100  13.713   0.027  12.421   0.484   16.49  1.328 c  J073149+285448_v1.dat          -                             
3.0015351  12.986   0.089  50.000   7.949   15.09  0.640 c  J073149+285448_v1.dat          -                             
3.0050062  13.477   0.028  41.294   3.113   15.41  0.619 l  J073149+285448_v1.dat          -                             
3.0067328  13.584   0.015  15.040   0.608   16.12  1.047 r  J073149+285448_v1.dat          -                             
3.0143754  13.299   0.038  33.628   4.233   16.13  1.094 c  J073149+285448_v1.dat          -                             
3.0160513  13.670   0.010  30.532   0.777   16.12  0.844 c  J073149+285448_v1.dat          -                             
3.0171922  13.347   0.000  35.008   0.000   16.03  0.964 c  J073149+285448_v1.dat          -                             
3.0203200  13.634   0.019  35.511   1.972   16.09  0.787 b  J073149+285448_v1.dat          -                             
3.0226847  13.946   0.010  31.370   0.852   15.95  0.788 l  J073149+285448_v1.dat          -                             
3.0241797  13.888   0.010  26.881   0.658   16.06  0.909 b  J073149+285448_v1.dat          -                             
3.0302143  12.887   0.029  16.343   1.317   17.29  0.602 c  J073149+285448_v1.dat          -                             
3.0320428  14.398   0.031  27.417   0.757   16.68  0.574 l  J073149+285448_v1.dat          -                             
3.0362773  13.240   0.030  26.593   2.407   15.56  0.712 c  J073149+285448_v1.dat          -                             
3.0375248  12.855   0.060  29.372   5.172   15.17  1.005 c  J073149+285448_v1.dat          -                             
3.0384769  13.196   0.044  31.742   4.348   15.50  1.151 c  J073149+285448_v1.dat          -                             
3.0402381  13.528   0.014  25.012   0.909   17.06  1.389 c  J073149+285448_v1.dat          -                             
3.0431622  13.185   0.054  38.229   6.203   18.82  1.231 c  J073149+285448_v1.dat          -                             
3.0447645  13.194   0.048  29.785   3.996   18.93  1.106 r  J073149+285448_v1.dat          -                             
3.0483231  14.490   0.079  18.030   0.877   19.25  1.106 l  J073149+285448_v1.dat          -                             
3.0515655  13.555   0.017  37.543   2.144   18.09  0.827 b  J073149+285448_v1.dat          -                             
3.0529707  13.402   0.011  23.337   0.688   17.10  0.609 c  J073149+285448_v1.dat          -                             
3.0548334  13.130   0.030  19.578   1.711   15.99  0.427 l  J073149+285448_v1.dat          -                             
3.0613297  14.274   0.035  23.520   0.808   17.60  1.325 l  J073149+285448_v1.dat          -                             
3.0650115  13.193   0.000  50.000   0.000   17.14  0.671 r  J073149+285448_v1.dat          -                             
3.0655702  13.022   0.089  42.768  10.758   16.67  1.013 r  J073149+285448_v1.dat          -                             
3.0815170  13.051   0.066  35.157   6.304   18.04  0.945 c  J073149+285448_v1.dat          -                             
3.0831367  14.033   0.022  22.111   0.691   17.34  1.048 b  J073149+285448_v1.dat          -                             
3.0840109  13.598   0.013  19.613   0.694   17.34  1.059 r  J073149+285448_v1.dat          -                             
3.0862517  13.860   0.010  24.733   0.598   16.92  0.866 l  J073149+285448_v1.dat          -                             
3.0893813  13.501   0.018  33.064   1.866   16.81  0.778 b  J073149+285448_v1.dat          -                             
3.0929272  14.109   0.018  22.888   0.449   16.33  0.711 c  J073149+285448_v1.dat          -                             
3.1015670  13.330   0.016  25.661   1.148   18.73  0.980 c  J073149+285448_v1.dat          -                             
3.1044078  14.310   0.026  27.159   0.698   16.24  1.029 b  J073149+285448_v1.dat          -                             
3.1110499  13.964   0.014  24.719   0.664   16.05  1.101 r  J073149+285448_v1.dat          -                             
3.1140888  14.044   0.017  23.349   0.475   15.04  0.859 c  J073149+285448_v1.dat          -                             
3.1153697  13.117   0.052  35.495   5.550   15.38  1.140 l  J073149+285448_v1.dat          -                             
3.1163763  13.301   0.059  50.000   8.656   15.83  0.882 c  J073149+285448_v1.dat          -                             
3.1216310  13.563   0.015  31.275   1.465   17.69  1.125 c  J073149+285448_v1.dat          -                             
3.1262159  12.906   0.062  40.914   8.595   18.80  0.780 c  J073149+285448_v1.dat          -                             
3.1302536  13.115   0.043  25.727   3.034   17.91  0.429 l  J073149+285448_v1.dat          -                             
3.1315400  13.086   0.103  27.183   6.761   17.68  0.959 r  J073149+285448_v1.dat          -                             
3.1417670  14.382   0.038  27.031   0.872   16.07  0.931 b  J073149+285448_v1.dat          -                             
3.1431685  13.185   0.117  23.421   6.093   15.93  1.083 l  J073149+285448_v1.dat          -                             
3.1446931  13.935   0.015  27.520   0.869   15.85  1.008 r  J073149+285448_v1.dat          -                             
3.1468060  13.506   0.021  33.877   2.069   14.66  0.941 l  J073149+285448_v1.dat          -                             
3.1474142  13.216   0.035  22.819   2.408   14.66  1.306 r  J073149+285448_v1.dat          -                             
3.1549667  13.230   0.044  29.015   3.606   15.78  0.393 r  J073149+285448_v1.dat          -                             
3.1562653  13.160   0.000  50.000   0.000   16.47  0.931 l  J073149+285448_v1.dat          -                             
3.1710596  13.702   0.015  22.580   0.754   16.81  1.428 c  J073149+285448_v1.dat          -                             
3.1742687  12.924   0.044  29.301   3.820   16.04  0.937 c  J073149+285448_v1.dat          -                             
3.1780058  12.935   0.035  16.939   1.736   18.23  0.982 l  J073149+285448_v1.dat          -                             
3.1783670  13.091   0.049  19.438   2.848   18.39  2.749 c  J073149+285448_v1.dat          -                             
3.1822446  13.760   0.009  26.854   0.515   19.73  0.788 c  J073149+285448_v1.dat          -                             
3.1903551  13.585   0.010  32.437   0.936   18.11  0.678 c  J073149+285448_v1.dat          -                             
3.1949862  13.111   0.048  36.758   5.212   18.08  0.607 l  J073149+285448_v1.dat          -                             
3.1967453  13.440   0.014  27.834   1.190   17.68  0.646 b  J073149+285448_v1.dat          -                             
3.1990763  13.019   0.107  48.743  14.394   18.01  0.626 l  J073149+285448_v1.dat          -                             
3.2166163  13.291   0.038  34.614   3.536   16.88  0.997 l  J073149+285448_v1.dat          -                             
3.2177922  14.008   0.015  26.943   0.797   17.06  1.429 r  J073149+285448_v1.dat          -                             
3.2201006  13.285   0.000  41.367   0.000   17.81  2.747 c  J073149+285448_v1.dat          -                             
3.2224067  13.523   0.018  33.101   1.846   17.64  1.000 b  J073149+285448_v1.dat          -                             
3.2298099  13.074   0.033  20.303   1.725   15.69  1.014 c  J073149+285448_v1.dat          -                             
3.2338491  14.030   0.009  29.728   0.537   15.34  0.545 r  J073149+285448_v1.dat          -                             
3.2358151  13.018   0.058  24.794   4.302   16.15  1.313 l  J073149+285448_v1.dat          -                             
3.2363470  13.346   0.028  33.579   3.023   16.48  0.781 b  J073149+285448_v1.dat          -                             
3.2376378  13.607   0.012  32.902   1.227   16.38  0.659 r  J073149+285448_v1.dat          -                             
3.2393792  13.483   0.019  30.132   1.680   16.81  1.331 l  J073149+285448_v1.dat          -                             
3.2401604  13.065   0.044  27.470   3.682   16.88  1.127 r  J073149+285448_v1.dat          -                             
3.2466885  13.570   0.015  21.856   0.956   18.74  1.198 b  J073149+285448_v1.dat          -                             
3.2480748  13.812   0.012  21.955   0.629   18.74  0.824 l  J073149+285448_v1.dat          -                             
3.2549421  12.947   0.025  12.222   1.018   18.70  0.682 b  J073149+285448_v1.dat          -                             
3.2555449  13.050   0.019  15.358   0.968   18.52  0.273 b  J073149+285448_v1.dat          -                             
3.2567986  13.222   0.064  34.481   5.827   18.52  0.715 r  J073149+285448_v1.dat          -                             
3.2596222  13.159   0.024  38.152   2.773   17.35  0.447 c  J073149+285448_v1.dat          -                             
3.2601190  13.035   0.092  41.292  10.785   17.38  1.074 r  J073149+285448_v1.dat          -                             
3.2617698  13.791   0.019  23.313   0.841   17.57  2.124 c  J073149+285448_v1.dat          -                             
3.2645515  13.582   0.011  30.020   0.817   18.43  0.785 c  J073149+285448_v1.dat          -                             
3.2667430  13.511   0.020  16.801   0.701   17.10  1.541 c  J073149+285448_v1.dat          -                             
3.2681711  13.078   0.054  26.150   4.253   16.14  1.613 l  J073149+285448_v1.dat          -                             
3.2687544  13.385   0.044  42.207   5.492   15.86  2.446 c  J073149+285448_v1.dat          -                             
3.2703516  13.703   0.014  25.700   1.003   15.16  1.286 r  J073149+285448_v1.dat          -                             
3.2762396  12.944   0.078  24.908   5.931   15.00  1.264 r  J073149+285448_v1.dat          -                             
3.2835351  13.828   0.011  27.840   0.671   16.71  1.195 c  J073149+285448_v1.dat          -                             
3.2877869  12.816   0.039  24.131   2.660   18.54  0.723 c  J073149+285448_v1.dat          -                             
3.2949970  13.715   0.014  26.942   1.075   16.36  1.250 l  J073149+285448_v1.dat          -                             
3.2958015  13.104   0.045  29.860   3.902   16.35  0.873 r  J073149+285448_v1.dat          -                             
3.2977967  13.117   0.051  33.447   5.565   17.12  0.812 c  J073149+285448_v1.dat          -                             
3.3050039  12.941   0.039  21.153   2.340   18.21  0.911 c  J073149+285448_v1.dat          -                             
3.3108504  13.114   0.042  30.499   3.902   17.68  0.914 r  J073149+285448_v1.dat          -                             
3.3143433  14.459   0.040  25.783   0.772   18.01  1.317 r  J073149+285448_v1.dat          -                             
3.3154461  13.176   0.100  50.000  13.370   18.43  0.493 b  J073149+285448_v1.dat          -                             
3.3162565  13.738   0.012  19.486   0.461   18.02  1.131 c  J073149+285448_v1.dat          -                             
3.3244634  13.319   0.000  30.505   0.000   16.00  1.923 c  J073149+285448_v1.dat          -                             
3.3286846  12.974   0.087  16.840   4.619   14.91  1.794 l  J073149+285448_v1.dat          -                             
3.3296160  13.964   0.012  24.791   0.600   14.81  0.939 b  J073149+285448_v1.dat          -                             
3.3304198  13.208   0.031  25.199   1.921   14.80  0.136 r  J073149+285448_v1.dat          -                             
3.3312521  13.139   0.076  44.698   9.331   15.62  0.626 c  J073149+285448_v1.dat          -                             
3.3399947  13.157   0.072  44.252   8.984   15.79  0.850 c  J073149+285448_v1.dat          -                             
3.3423770  13.072   0.025  15.224   1.195   18.36  0.658 l  J073149+285448_v1.dat          -                             
3.3488754  13.339   0.024  31.236   2.187   17.44  0.883 l  J073149+285448_v1.dat          -                             
3.3496935  13.715   0.007  34.654   0.782   17.45  0.331 r  J073149+285448_v1.dat          -                             
3.3593567  14.352   0.055  21.452   0.872   16.76  1.241 r  J073149+285448_v1.dat          -                             
3.3607551  13.134   0.031  27.404   2.672   16.51  0.934 c  J073149+285448_v1.dat          -                             
3.3618761  13.106   0.025  28.033   2.004   16.70  0.754 c  J073149+285448_v1.dat          -                             
3.3652849  13.276   0.026  27.347   2.054   17.66  1.230 l  J073149+285448_v1.dat          -                             
3.3694586  13.308   0.023  25.655   1.791   17.21  0.902 l  J073149+285448_v1.dat          -                             
3.3703977  13.364   0.055  44.040   7.272   17.41  1.233 b  J073149+285448_v1.dat          -                             
3.3726238  13.681   0.011  29.636   0.812   17.45  1.060 c  J073149+285448_v1.dat          -                             
3.3794231  14.106   0.016  28.220   0.676   18.67  1.213 l  J073149+285448_v1.dat          -                             
3.3948990  13.017   0.050  16.967   2.635   14.77  0.630 b  J073149+285448_v1.dat          -                             
3.3959509  13.242   0.077  50.000   6.339   13.93  0.533 b  J073149+285448_v1.dat          -                             
3.3981199  13.055   0.000  37.889   0.000   13.78  0.629 r  J073149+285448_v1.dat          -                             
3.4073659  13.843   0.011  23.357   0.679   17.86  1.222 b  J073149+285448_v1.dat          -                             
3.4187934  13.384   0.029  34.334   2.811   16.36  1.130 r  J073149+285448_v1.dat          -                             
3.4205976  14.000   0.012  27.884   0.745   16.02  0.981 r  J073149+285448_v1.dat          -                             
3.4229213  12.968   0.039  28.003   3.286   17.28  0.933 c  J073149+285448_v1.dat          -                             
3.4292033  13.669   0.010  35.284   1.027   16.62  0.419 l  J073149+285448_v1.dat          -                             
3.4321603  13.412   0.012  26.302   0.900   15.62  0.566 c  J073149+285448_v1.dat          -                             
3.4333556  13.040   0.050  37.597   5.377   16.19  0.596 c  J073149+285448_v1.dat          -                             
3.4344413  13.185   0.055  43.881   6.574   16.40  0.424 l  J073149+285448_v1.dat          -                             
3.4348995  13.110   0.030  32.836   3.184   16.64  0.472 r  J073149+285448_v1.dat          -                             
3.4370854  14.229   0.021  26.807   0.740   17.86  1.035 b  J073149+285448_v1.dat          -                             
3.4382902  13.149   0.100  50.000   0.807   18.24  0.634 r  J073149+285448_v1.dat          -                             
3.4407046  13.144   0.026  24.936   1.976   18.79  0.926 c  J073149+285448_v1.dat          -                             
3.4507947  13.406   0.020  32.480   1.759   17.16  1.352 c  J073149+285448_v1.dat          -                             
3.4531074  13.935   0.010  28.825   0.652   16.16  0.940 b  J073149+285448_v1.dat          -                             
3.4637250  13.292   0.022  23.403   1.651   16.14  0.859 b  J073149+285448_v1.dat          -                             
3.4642862  13.107   0.073  31.320   6.784   16.30  1.443 r  J073149+285448_v1.dat          -                             
3.4662956  13.074   0.035  17.531   1.629   14.89  1.184 c  J073149+285448_v1.dat          -                             
3.4720608  13.644   0.013  26.472   0.852   13.84  1.031 c  J073149+285448_v1.dat          -                             
3.4758134  13.283   0.018  24.031   1.216   18.81  1.186 c  J073149+285448_v1.dat          -                             
3.4790393  13.082   0.030  35.443   3.151   21.87  0.674 c  J073149+285448_v1.dat          -                             
3.4847643  13.859   0.009  30.575   0.729   19.93  0.802 r  J073149+285448_v1.dat          -                             
3.4862187  13.411   0.018  31.635   1.732   19.99  1.036 r  J073149+285448_v1.dat          -                             
3.4881992  14.225   0.024  24.651   0.743   19.31  1.078 l  J073149+285448_v1.dat          -                             
3.4900842  13.465   0.015  22.405   0.851   19.02  1.589 c  J073149+285448_v1.dat          -                             
3.4940508  13.268   0.019  23.807   1.255   19.29  1.190 c  J073149+285448_v1.dat          -                             
3.5021636  13.530   0.010  18.102   0.508   22.45  0.904 b  J073149+285448_v1.dat          -                             
3.5040023  12.976   0.015  11.220   0.530   22.47  0.339 r  J073149+285448_v1.dat          -                             
3.5068797  13.170   0.025  28.141   2.031   24.35  0.437 l  J073149+285448_v1.dat          -                             
3.5079018  14.247   0.022  24.089   0.626   24.35  0.977 b  J073149+285448_v1.dat          -                             
3.5215856  13.159   0.016  25.729   1.176   23.55  0.676 c  J073149+285448_v1.dat          -                             
3.5294466  12.995   0.053  50.000   5.148   21.93  0.496 c  J073149+285448_v1.dat          -                             
3.5311143  13.959   0.014  18.945   0.466   20.64  1.072 b  J073149+285448_v1.dat          -                             
3.5424464  12.947   0.036  14.468   1.451   19.02  1.176 c  J073149+285448_v1.dat          -                             
3.5644476  13.614   0.007  16.588   0.338   26.26  0.630 b  J073149+285448_v1.dat          -                             
3.5838506  13.143   0.045  42.660   5.546   27.38  1.070 l  J073149+285448_v1.dat          -                             
3.5856025  13.522   0.010  29.211   0.854   27.34  1.185 r  J073149+285448_v1.dat          -                             
3.5879736  13.083   0.020  22.058   1.309   26.84  1.373 l  J073149+285448_v1.dat          -                             
3.5909791  13.311   0.013  26.451   0.973   25.45  1.146 c  J073149+285448_v1.dat          -                             
3.5954150  12.975   0.031  30.603   2.734   24.88  0.710 c  J073149+285448_v1.dat          -                             
3.6126889  13.805   0.007  27.385   0.571   26.33  1.000 b  J073149+285448_v1.dat          -                             
3.6335760  14.461   0.021  25.563   0.424   27.81  1.129 b  J073149+285448_v1.dat          -                             
3.6371435  12.993   0.024  26.865   2.155   30.43  0.741 c  J073149+285448_v1.dat          -                             
