2.5298711  12.995   0.015  16.003   0.714   30.76  1.006 c  J102009+104002_v1.dat          -                             
2.5440085  13.118   0.027  35.321   2.834   33.23  0.606 l  J102009+104002_v1.dat          -                             
2.5555199  13.805   0.006  31.203   0.533   35.31  1.043 r  J102009+104002_v1.dat          -                             
2.5688991  13.480   0.008  25.983   0.538   27.81  0.747 c  J102009+104002_v1.dat          -                             
2.5747527  13.100   0.023  34.819   2.455   27.36  0.961 c  J102009+104002_v1.dat          -                             
2.5757191  13.131   0.015  28.651   1.339   27.34  0.363 c  J102009+104002_v1.dat          -                             
2.5824167  13.423   0.011  22.349   0.757   27.92  1.057 b  J102009+104002_v1.dat          -                             
2.5885468  13.188   0.018  30.562   1.622   26.60  0.902 c  J102009+104002_v1.dat          -                             
2.6077615  13.579   0.009  30.751   0.745   29.55  0.934 l  J102009+104002_v1.dat          -                             
2.6120476  13.755   0.007  24.476   0.467   27.45  1.115 b  J102009+104002_v1.dat          -                             
2.6151295  13.071   0.035  31.294   3.284   28.36  1.354 l  J102009+104002_v1.dat          -                             
2.6157320  13.370   0.012  34.206   1.395   28.37  0.730 b  J102009+104002_v1.dat          -                             
2.6168625  14.042   0.008  22.682   0.280   28.39  0.566 r  J102009+104002_v1.dat          -                             
2.6199973  13.790   0.005  23.315   0.267   28.10  0.667 c  J102009+104002_v1.dat          -                             
2.6272749  13.439   0.012  30.625   1.238   27.90  0.683 b  J102009+104002_v1.dat          -                             
2.6280497  13.153   0.024  37.765   2.645   27.91  0.420 r  J102009+104002_v1.dat          -                             
2.6309158  13.316   0.014  33.878   1.510   28.64  0.594 b  J102009+104002_v1.dat          -                             
2.6395321  13.595   0.008  22.036   0.419   34.47  1.111 c  J102009+104002_v1.dat          -                             
2.6402559  13.089   0.019  20.551   1.198   34.49  0.788 r  J102009+104002_v1.dat          -                             
2.6569400  13.348   0.013  32.209   1.192   26.95  0.425 l  J102009+104002_v1.dat          -                             
2.6580534  13.053   0.046  31.047   4.262   26.92  0.987 r  J102009+104002_v1.dat          -                             
2.6753584  13.115   0.020  23.880   1.314   28.59  1.336 c  J102009+104002_v1.dat          -                             
2.6772375  13.081   0.011  18.844   0.586   28.31  0.420 c  J102009+104002_v1.dat          -                             
2.6826521  13.160   0.020  31.148   1.903   31.43  1.076 c  J102009+104002_v1.dat          -                             
2.6995242  13.480   0.012  23.615   0.893   28.11  1.500 b  J102009+104002_v1.dat          -                             
2.7087602  13.456   0.012  23.240   0.809   27.65  1.191 b  J102009+104002_v1.dat          -                             
2.7254917  14.041   0.008  27.837   0.420   28.48  0.892 r  J102009+104002_v1.dat          -                             
2.7333268  13.291   0.012  12.972   0.523   30.99  1.137 b  J102009+104002_v1.dat          -                             
2.7383480  13.069   0.018  23.564   1.240   29.37  0.893 c  J102009+104002_v1.dat          -                             
2.7510911  13.338   0.011  19.839   0.606   25.88  0.632 c  J102009+104002_v1.dat          -                             
2.7536910  14.044   0.016  22.400   0.506   26.14  1.206 l  J102009+104002_v1.dat          -                             
2.7550379  13.034   0.023  16.525   1.291   26.30  0.855 b  J102009+104002_v1.dat          -                             
2.7888498  13.213   0.016  17.524   0.831   21.09  0.654 r  J102009+104002_v1.dat          -                             
2.8005828  13.422   0.011  35.201   1.133   25.57  0.700 c  J102009+104002_v1.dat          -                             
2.8031703  13.789   0.008  26.723   0.410   25.48  0.844 c  J102009+104002_v1.dat          -                             
2.8151623  13.727   0.007  32.052   0.644   26.00  0.794 l  J102009+104002_v1.dat          -                             
2.8248726  12.934   0.035  28.703   3.056   26.54  1.321 c  J102009+104002_v1.dat          -                             
2.8278542  12.947   0.029  29.276   2.505   30.57  1.040 l  J102009+104002_v1.dat          -                             
2.8339424  13.508   0.008  18.238   0.343   29.94  0.855 c  J102009+104002_v1.dat          -                             
2.8369044  13.273   0.012  24.504   0.829   28.21  0.875 c  J102009+104002_v1.dat          -                             
2.8423433  13.054   0.026  24.543   1.909   24.67  0.976 l  J102009+104002_v1.dat          -                             
2.8457235  14.151   0.021  22.471   0.574   23.43  1.290 r  J102009+104002_v1.dat          -                             
2.8470258  12.981   0.036  22.042   2.254   23.33  0.572 l  J102009+104002_v1.dat          -                             
2.8474635  13.029   0.000  37.272   0.000   23.35  0.701 r  J102009+104002_v1.dat          -                             
2.8512417  13.210   0.021  22.524   1.466   24.25  1.219 r  J102009+104002_v1.dat          -                             
2.8544175  13.225   0.021  33.423   2.107   24.34  0.764 l  J102009+104002_v1.dat          -                             
2.8552990  13.988   0.010  24.173   0.451   24.35  0.965 b  J102009+104002_v1.dat          -                             
2.8580099  12.925   0.040  28.429   3.312   24.10  0.813 l  J102009+104002_v1.dat          -                             
2.8588051  13.492   0.011  27.652   0.785   23.79  1.132 c  J102009+104002_v1.dat          -                             
2.8600870  13.050   0.036  27.069   2.705   23.80  0.766 l  J102009+104002_v1.dat          -                             
2.8608222  13.876   0.007  22.912   0.414   23.80  0.722 b  J102009+104002_v1.dat          -                             
2.8638307  13.057   0.051  38.049   5.495   24.80  0.755 l  J102009+104002_v1.dat          -                             
2.8642333  13.088   0.033  40.058   3.929   24.76  0.338 r  J102009+104002_v1.dat          -                             
2.8702202  13.292   0.015  27.756   1.136   25.20  1.154 c  J102009+104002_v1.dat          -                             
2.8760644  13.705   0.009  24.537   0.659   26.55  0.900 l  J102009+104002_v1.dat          -                             
2.8783905  13.213   0.024  37.356   2.737   26.60  0.449 b  J102009+104002_v1.dat          -                             
2.9062054  12.993   0.029  34.572   2.996   25.97  0.615 c  J102009+104002_v1.dat          -                             
2.9090479  13.277   0.016  30.060   1.441   26.38  0.762 r  J102009+104002_v1.dat          -                             
2.9139943  13.222   0.022  23.234   1.630   25.74  1.328 r  J102009+104002_v1.dat          -                             
2.9151770  13.400   0.010  27.611   0.756   25.42  0.529 c  J102009+104002_v1.dat          -                             
2.9172121  13.071   0.018  21.127   1.149   24.81  0.274 l  J102009+104002_v1.dat          -                             
2.9218710  13.855   0.009  24.239   0.443   24.14  1.464 c  J102009+104002_v1.dat          -                             
2.9232509  13.226   0.038  41.628   4.358   23.63  0.561 l  J102009+104002_v1.dat          -                             
2.9260528  13.206   0.018  27.873   1.390   24.31  0.924 c  J102009+104002_v1.dat          -                             
2.9300026  13.175   0.022  25.630   1.812   26.61  1.378 c  J102009+104002_v1.dat          -                             
2.9327543  13.463   0.012  28.949   1.005   30.06  1.283 l  J102009+104002_v1.dat          -                             
2.9380338  12.961   0.026  25.762   1.998   28.66  1.051 c  J102009+104002_v1.dat          -                             
2.9485759  14.055   0.012  23.793   0.348   25.45  1.012 c  J102009+104002_v1.dat          -                             
2.9514538  13.130   0.020  27.840   1.610   26.57  1.083 c  J102009+104002_v1.dat          -                             
2.9526233  14.027   0.011  25.989   0.547   26.79  1.269 b  J102009+104002_v1.dat          -                             
2.9552765  14.046   0.009  27.700   0.446   27.05  1.094 l  J102009+104002_v1.dat          -                             
2.9591832  13.116   0.019  20.559   1.105   26.89  0.772 c  J102009+104002_v1.dat          -                             
2.9620228  13.016   0.039  37.053   4.406   27.55  1.112 c  J102009+104002_v1.dat          -                             
2.9665111  13.487   0.008  24.289   0.507   24.69  0.558 c  J102009+104002_v1.dat          -                             
2.9697717  13.397   0.013  33.186   1.342   23.86  0.620 l  J102009+104002_v1.dat          -                             
2.9728770  13.387   0.024  35.803   2.374   24.09  0.926 r  J102009+104002_v1.dat          -                             
2.9793878  13.336   0.014  22.472   0.981   29.06  1.395 b  J102009+104002_v1.dat          -                             
2.9838906  13.297   0.011  22.871   0.734   32.16  0.955 r  J102009+104002_v1.dat          -                             
3.0165667  13.561   0.007  25.953   0.423   34.11  1.089 c  J102009+104002_v1.dat          -                             
3.0188679  13.369   0.008  21.509   0.476   34.52  0.960 c  J102009+104002_v1.dat          -                             
3.0280986  13.613   0.008  21.192   0.510   32.69  1.184 l  J102009+104002_v1.dat          -                             
3.0348975  13.131   0.019  30.699   1.714   29.31  1.139 c  J102009+104002_v1.dat          -                             
3.0374586  13.959   0.012  21.758   0.503   29.36  1.397 r  J102009+104002_v1.dat          -                             
3.0410012  13.464   0.008  20.672   0.519   31.25  0.762 r  J102009+104002_v1.dat          -                             
3.0471450  13.715   0.007  25.383   0.457   31.36  1.099 r  J102009+104002_v1.dat          -                             
3.0632995  13.002   0.046  38.934   5.475   29.18  0.795 l  J102009+104002_v1.dat          -                             
3.0655644  13.134   0.024  27.842   2.060   29.29  1.362 r  J102009+104002_v1.dat          -                             
3.0676724  13.380   0.013  22.640   0.907   30.19  1.493 l  J102009+104002_v1.dat          -                             
3.0689548  13.531   0.010  27.956   0.757   30.20  1.427 r  J102009+104002_v1.dat          -                             
3.0701803  13.592   0.008  26.292   0.494   30.68  1.419 c  J102009+104002_v1.dat          -                             
3.0904363  13.670   0.000  22.000   0.000   36.84  0.789 c  J102009+104002_v1.dat          -                             
3.0930930  13.115   0.021  28.933   1.798   41.29  2.095 c  J102009+104002_v1.dat          -                             
3.1183723  13.162   0.020  30.272   1.808   32.23  1.347 r  J102009+104002_v1.dat          -                             
3.1298335  13.230   0.009  26.032   0.678   33.32  0.901 c  J102009+104002_v1.dat          -                             
