2.8170325  13.275   0.018  31.963   1.703   20.78  0.548 r  J113418+574204_v1.dat          -                             
2.8181425  13.555   0.009  21.630   0.534   20.29  0.844 c  J113418+574204_v1.dat          -                             
2.8190006  12.962   0.035  28.761   2.898   20.00  0.703 c  J113418+574204_v1.dat          -                             
2.8249087  13.379   0.017  32.809   1.691   21.71  1.004 c  J113418+574204_v1.dat          -                             
2.8293626  13.508   0.011  24.638   0.764   22.40  1.086 b  J113418+574204_v1.dat          -                             
2.8404686  13.413   0.021  35.754   2.321   23.17  0.806 b  J113418+574204_v1.dat          -                             
2.8421276  13.762   0.012  25.777   0.735   23.58  1.056 l  J113418+574204_v1.dat          -                             
2.8464720  13.894   0.006  29.243   0.443   22.66  0.565 r  J113418+574204_v1.dat          -                             
2.8560338  13.144   0.097  28.570   6.824   21.72  0.834 r  J113418+574204_v1.dat          -                             
2.8573824  14.107   0.007  24.980   0.296   21.72  0.519 b  J113418+574204_v1.dat          -                             
2.8589094  13.025   0.024  40.868   3.083   22.55  0.295 c  J113418+574204_v1.dat          -                             
2.8625831  13.009   0.036  34.338   3.798   22.26  0.843 c  J113418+574204_v1.dat          -                             
2.8686264  13.361   0.015  35.238   1.541   21.89  0.741 c  J113418+574204_v1.dat          -                             
2.8880366  13.314   0.012  26.317   0.843   24.73  0.868 c  J113418+574204_v1.dat          -                             
2.8891280  13.054   0.027  25.314   1.866   24.57  1.294 c  J113418+574204_v1.dat          -                             
2.8948829  13.023   0.020  16.805   0.959   22.43  0.795 c  J113418+574204_v1.dat          -                             
2.8962750  12.938   0.030  22.042   1.794   21.86  1.038 c  J113418+574204_v1.dat          -                             
2.9014056  13.907   0.009  19.502   0.284   23.39  0.776 c  J113418+574204_v1.dat          -                             
2.9088622  13.018   0.031  33.987   3.303   23.76  0.691 c  J113418+574204_v1.dat          -                             
2.9110089  12.940   0.034  30.282   3.076   22.81  0.761 c  J113418+574204_v1.dat          -                             
2.9202087  12.897   0.036  21.568   2.131   21.88  1.182 c  J113418+574204_v1.dat          -                             
2.9213191  12.910   0.021  23.035   1.469   22.36  0.344 c  J113418+574204_v1.dat          -                             
2.9255942  13.142   0.013  23.304   0.847   21.91  0.431 c  J113418+574204_v1.dat          -                             
2.9300355  12.973   0.028  15.587   1.378   22.49  0.604 r  J113418+574204_v1.dat          -                             
2.9393766  13.033   0.037  29.532   3.163   24.49  0.590 r  J113418+574204_v1.dat          -                             
2.9511702  13.163   0.021  29.929   1.893   22.91  1.070 c  J113418+574204_v1.dat          -                             
2.9620412  13.330   0.017  29.167   1.533   23.06  0.947 b  J113418+574204_v1.dat          -                             
2.9637056  13.125   0.072  46.528   9.578   24.07  0.852 b  J113418+574204_v1.dat          -                             
2.9643364  13.130   0.046  37.893   5.388   24.18  0.987 b  J113418+574204_v1.dat          -                             
2.9651343  13.113   0.064  50.000   2.192   24.38  0.545 r  J113418+574204_v1.dat          -                             
2.9696926  13.074   0.028  34.136   2.877   25.79  0.449 c  J113418+574204_v1.dat          -                             
2.9727359  13.185   0.039  32.746   3.718   24.17  1.478 l  J113418+574204_v1.dat          -                             
2.9735204  13.086   0.079  46.254  10.134   24.06  0.661 b  J113418+574204_v1.dat          -                             
2.9744411  13.046   0.025  30.339   2.295   23.77  0.764 c  J113418+574204_v1.dat          -                             
2.9783916  13.519   0.013  26.501   0.966   21.71  1.100 b  J113418+574204_v1.dat          -                             
2.9801170  13.765   0.008  22.590   0.466   21.45  0.762 b  J113418+574204_v1.dat          -                             
2.9809516  13.907   0.010  18.718   0.388   21.44  0.725 b  J113418+574204_v1.dat          -                             
2.9829368  12.903   0.032  30.163   2.941   21.88  0.573 c  J113418+574204_v1.dat          -                             
2.9836576  12.914   0.051  27.431   4.177   22.97  0.905 l  J113418+574204_v1.dat          -                             
2.9844330  12.986   0.032  26.606   2.577   23.78  1.410 r  J113418+574204_v1.dat          -                             
2.9890518  13.044   0.020  24.405   1.348   25.01  0.792 c  J113418+574204_v1.dat          -                             
2.9900251  12.995   0.023  21.605   1.472   24.91  0.849 c  J113418+574204_v1.dat          -                             
2.9919734  13.288   0.017  30.380   1.394   24.78  1.311 c  J113418+574204_v1.dat          -                             
3.0032347  13.702   0.008  26.689   0.526   21.37  0.875 c  J113418+574204_v1.dat          -                             
3.0046968  14.290   0.026  21.151   0.518   21.73  0.809 b  J113418+574204_v1.dat          -                             
3.0066798  13.826   0.011  24.067   0.612   21.65  1.216 r  J113418+574204_v1.dat          -                             
3.0089545  13.132   0.000  47.043   0.000   21.82  0.730 c  J113418+574204_v1.dat          -                             
3.0163970  13.071   0.000  49.075   0.000   21.30  0.991 c  J113418+574204_v1.dat          -                             
3.0168609  13.113   0.061  47.561   9.005   21.26  0.757 c  J113418+574204_v1.dat          -                             
3.0181991  13.190   0.020  24.538   1.454   20.42  0.576 r  J113418+574204_v1.dat          -                             
3.0202406  13.117   0.023  29.849   1.901   21.01  0.740 c  J113418+574204_v1.dat          -                             
3.0251158  14.498   0.041  22.066   0.593   21.82  1.044 l  J113418+574204_v1.dat          -                             
3.0262341  13.740   0.009  29.160   0.765   21.81  1.159 r  J113418+574204_v1.dat          -                             
3.0328601  13.341   0.015  32.226   1.401   22.20  0.900 c  J113418+574204_v1.dat          -                             
3.0394002  13.613   0.012  20.164   0.625   22.52  1.449 r  J113418+574204_v1.dat          -                             
3.0433394  13.270   0.023  20.320   1.378   22.72  1.182 l  J113418+574204_v1.dat          -                             
3.0441067  13.211   0.019  22.710   1.361   22.70  0.979 r  J113418+574204_v1.dat          -                             
3.0451131  13.179   0.020  22.778   1.440   22.78  0.543 b  J113418+574204_v1.dat          -                             
3.0507787  13.056   0.041  32.371   3.692   23.25  0.579 l  J113418+574204_v1.dat          -                             
3.0515752  13.395   0.016  32.727   1.524   22.98  0.854 r  J113418+574204_v1.dat          -                             
3.0538725  13.214   0.041  43.296   5.483   21.22  1.102 c  J113418+574204_v1.dat          -                             
3.0613269  13.659   0.011  23.245   0.576   20.50  1.174 c  J113418+574204_v1.dat          -                             
3.0624024  13.412   0.014  24.235   0.977   20.43  1.038 c  J113418+574204_v1.dat          -                             
3.0721648  14.064   0.010  27.896   0.526   22.55  1.187 l  J113418+574204_v1.dat          -                             
3.0814373  13.120   0.116  49.461  14.749   21.38  0.973 l  J113418+574204_v1.dat          -                             
3.0866354  13.682   0.010  32.866   0.954   21.18  0.920 r  J113418+574204_v1.dat          -                             
3.0941611  14.458   0.037  27.948   0.851   19.37  1.273 b  J113418+574204_v1.dat          -                             
3.0982434  13.383   0.011  32.219   0.990   22.27  0.786 c  J113418+574204_v1.dat          -                             
3.0994980  13.023   0.018  24.957   1.276   23.16  0.496 c  J113418+574204_v1.dat          -                             
3.1009628  13.273   0.022  28.451   1.826   23.30  1.065 l  J113418+574204_v1.dat          -                             
3.1153776  13.243   0.021  31.125   1.900   22.89  1.180 c  J113418+574204_v1.dat          -                             
3.1216864  13.039   0.038  28.585   3.288   23.82  1.358 l  J113418+574204_v1.dat          -                             
3.1507980  13.083   0.024  18.488   1.150   20.57  0.962 c  J113418+574204_v1.dat          -                             
3.1529695  13.022   0.036  25.436   2.869   21.14  0.927 c  J113418+574204_v1.dat          -                             
3.1564975  14.409   0.028  22.818   0.446   24.08  1.267 c  J113418+574204_v1.dat          -                             
3.1579019  13.239   0.020  25.553   1.671   24.45  0.894 b  J113418+574204_v1.dat          -                             
3.1591475  13.706   0.007  22.487   0.454   24.48  0.853 r  J113418+574204_v1.dat          -                             
3.1610095  13.145   0.023  25.738   1.767   24.71  0.526 l  J113418+574204_v1.dat          -                             
3.1634889  13.368   0.013  27.079   0.901   23.85  1.157 c  J113418+574204_v1.dat          -                             
3.1648700  13.424   0.011  23.339   0.651   23.06  1.018 c  J113418+574204_v1.dat          -                             
3.1663917  13.215   0.030  20.579   1.814   22.87  1.255 l  J113418+574204_v1.dat          -                             
3.1670855  13.234   0.028  30.183   2.619   22.82  1.436 b  J113418+574204_v1.dat          -                             
3.1687544  14.384   0.039  21.704   0.637   22.67  0.809 r  J113418+574204_v1.dat          -                             
3.1713490  12.958   0.020  23.442   1.321   20.28  0.479 c  J113418+574204_v1.dat          -                             
3.1730838  13.424   0.012  18.681   0.696   20.55  0.609 r  J113418+574204_v1.dat          -                             
3.1744118  12.985   0.038  32.272   3.812   19.52  0.972 c  J113418+574204_v1.dat          -                             
3.1763381  12.971   0.038  27.051   3.103   20.47  1.145 c  J113418+574204_v1.dat          -                             
3.1775650  13.322   0.027  34.804   2.783   20.76  1.090 r  J113418+574204_v1.dat          -                             
3.1820925  13.016   0.052  37.124   5.457   21.70  0.783 r  J113418+574204_v1.dat          -                             
3.1845644  13.830   0.009  29.432   0.689   22.53  1.408 l  J113418+574204_v1.dat          -                             
3.1867372  13.675   0.009  25.146   0.631   23.17  1.158 b  J113418+574204_v1.dat          -                             
3.1936708  13.556   0.012  32.267   1.232   20.57  1.013 b  J113418+574204_v1.dat          -                             
3.2031935  13.673   0.010  30.091   0.865   19.06  0.784 r  J113418+574204_v1.dat          -                             
3.2099392  13.126   0.074  37.971   7.428   21.03  0.916 l  J113418+574204_v1.dat          -                             
3.2141599  13.759   0.011  23.471   0.715   21.12  1.066 r  J113418+574204_v1.dat          -                             
3.2152788  13.090   0.022  24.612   1.606   22.25  0.862 c  J113418+574204_v1.dat          -                             
3.2201751  13.030   0.034  23.098   2.111   23.87  0.511 l  J113418+574204_v1.dat          -                             
3.2236670  13.140   0.022  26.709   1.812   22.92  0.736 c  J113418+574204_v1.dat          -                             
3.2254096  13.336   0.018  26.016   1.374   21.56  1.352 l  J113418+574204_v1.dat          -                             
3.2314610  13.635   0.011  24.085   0.762   21.51  1.261 r  J113418+574204_v1.dat          -                             
3.2335882  14.450   0.029  28.030   0.591   21.93  1.246 c  J113418+574204_v1.dat          -                             
3.2352336  14.132   0.014  23.669   0.387   22.03  1.070 c  J113418+574204_v1.dat          -                             
3.2420174  13.042   0.000  17.325   0.000   21.65  0.534 r  J113418+574204_v1.dat          -                             
3.2460818  13.036   0.036  34.185   3.710   23.01  0.652 l  J113418+574204_v1.dat          -                             
3.2494679  13.059   0.046  37.191   5.054   23.77  0.862 c  J113418+574204_v1.dat          -                             
3.2677890  13.012   0.044  39.259   5.159   21.96  0.870 c  J113418+574204_v1.dat          -                             
3.2690768  13.395   0.019  34.197   1.851   20.70  0.558 l  J113418+574204_v1.dat          -                             
3.2760708  13.525   0.017  32.215   1.725   22.34  1.288 b  J113418+574204_v1.dat          -                             
3.2860533  14.070   0.012  25.936   0.550   24.27  1.271 b  J113418+574204_v1.dat          -                             
3.2882842  13.309   0.014  17.918   0.764   23.47  0.912 b  J113418+574204_v1.dat          -                             
3.2925862  13.114   0.048  29.994   3.581   22.90  0.390 l  J113418+574204_v1.dat          -                             
3.2928752  13.266   0.032  32.418   2.921   22.80  1.406 r  J113418+574204_v1.dat          -                             
3.2955153  13.011   0.025  35.344   2.636   22.45  0.333 c  J113418+574204_v1.dat          -                             
3.2966455  13.032   0.047  33.394   4.719   23.13  0.848 l  J113418+574204_v1.dat          -                             
3.3042412  13.218   0.037  37.959   4.052   22.47  0.856 l  J113418+574204_v1.dat          -                             
3.3045623  13.050   0.052  26.957   3.931   22.48  0.982 r  J113418+574204_v1.dat          -                             
3.3105985  13.179   0.024  29.694   2.247   22.49  1.244 b  J113418+574204_v1.dat          -                             
3.3190726  14.079   0.009  29.169   0.519   22.06  1.360 b  J113418+574204_v1.dat          -                             
3.3201342  13.301   0.015  26.750   1.287   22.06  0.438 b  J113418+574204_v1.dat          -                             
3.3258051  14.423   0.034  21.919   0.558   22.25  0.825 b  J113418+574204_v1.dat          -                             
3.3266978  13.221   0.030  27.388   5.591   22.23  0.696 r  J113418+574204_v1.dat          -                             
3.3277436  13.141   0.000  41.800   0.000   21.98  0.334 l  J113418+574204_v1.dat          -                             
3.3288889  14.116   0.008  32.116   0.493   21.66  0.972 b  J113418+574204_v1.dat          -                             
3.3301869  13.539   0.011  25.865   0.856   21.65  1.023 b  J113418+574204_v1.dat          -                             
3.3312958  13.724   0.009  26.019   0.657   21.17  0.983 b  J113418+574204_v1.dat          -                             
3.3341198  12.975   0.072  35.404   9.589   20.33  0.890 c  J113418+574204_v1.dat          -                             
3.3352791  13.164   0.000  39.503   0.000   19.92  0.800 l  J113418+574204_v1.dat          -                             
3.3356220  13.165   0.000  33.332   0.000   19.89  1.003 b  J113418+574204_v1.dat          -                             
3.3387971  13.206   0.014  14.606   0.626   22.86  0.474 l  J113418+574204_v1.dat          -                             
3.3395940  13.000   0.026  10.468   0.912   22.88  1.144 r  J113418+574204_v1.dat          -                             
3.3493545  13.589   0.013  31.410   1.232   24.60  0.884 l  J113418+574204_v1.dat          -                             
3.3514034  13.464   0.011  26.734   0.925   24.00  0.697 r  J113418+574204_v1.dat          -                             
3.3525464  13.151   0.021  35.773   2.333   23.17  0.541 c  J113418+574204_v1.dat          -                             
3.3541165  12.992   0.031  32.567   2.988   23.31  0.397 l  J113418+574204_v1.dat          -                             
3.3548229  13.249   0.017  27.932   1.506   23.54  0.977 c  J113418+574204_v1.dat          -                             
3.3561403  13.667   0.010  23.489   0.530   23.66  1.333 c  J113418+574204_v1.dat          -                             
3.3576717  14.051   0.009  23.322   0.338   24.26  0.758 b  J113418+574204_v1.dat          -                             
3.3681480  13.335   0.010  17.817   0.562   25.14  0.653 b  J113418+574204_v1.dat          -                             
3.3727910  13.025   0.024  25.184   1.870   27.54  0.808 c  J113418+574204_v1.dat          -                             
3.3849008  13.656   0.012  22.848   0.696   25.71  1.258 r  J113418+574204_v1.dat          -                             
3.3860528  13.117   0.036  34.733   3.578   24.92  1.405 c  J113418+574204_v1.dat          -                             
3.3887042  13.097   0.034  35.855   3.693   25.09  0.917 c  J113418+574204_v1.dat          -                             
3.3897339  13.126   0.018  17.793   0.955   25.52  1.009 c  J113418+574204_v1.dat          -                             
3.3979657  13.145   0.015  11.196   0.553   23.50  1.004 b  J113418+574204_v1.dat          -                             
3.3986597  13.456   0.017  33.404   1.665   23.43  0.997 b  J113418+574204_v1.dat          -                             
3.4003997  13.332   0.014  20.543   0.838   22.90  1.008 l  J113418+574204_v1.dat          -                             
3.4014909  13.307   0.000  42.051   0.000   22.93  0.483 r  J113418+574204_v1.dat          -                             
3.4087202  13.089   0.022  16.330   1.100   24.14  1.280 l  J113418+574204_v1.dat          -                             
3.4212377  13.070   0.027  32.910   2.650   27.97  0.734 c  J113418+574204_v1.dat          -                             
3.4351887  13.184   0.024  34.649   2.626   30.44  0.488 l  J113418+574204_v1.dat          -                             
3.4496507  13.521   0.008  20.181   0.459   33.30  1.176 l  J113418+574204_v1.dat          -                             
3.4508513  13.793   0.006  25.851   0.412   33.30  1.211 b  J113418+574204_v1.dat          -                             
3.4544518  13.213   0.015  26.156   1.014   31.92  1.062 c  J113418+574204_v1.dat          -                             
3.4560649  13.133   0.018  31.074   1.626   32.36  1.095 c  J113418+574204_v1.dat          -                             
3.4592056  13.784   0.006  25.569   0.416   25.03  1.036 l  J113418+574204_v1.dat          -                             
3.4668572  13.259   0.015  23.321   1.060   19.74  1.352 b  J113418+574204_v1.dat          -                             
