2.1140417  13.559   0.006  25.226   0.479   61.57  2.359 b  J114254+265457.dat             -                             
2.1323376  13.280   0.009  33.030   0.893   61.33  1.537 b  J114254+265457.dat             -                             
2.1328835  13.117   0.056  63.800   8.571   61.33  1.948 r  J114254+265457.dat             -                             
2.1363154  12.914   0.011  22.268   0.424   62.97  1.412 c  J114254+265457.dat             -                             
2.1389469  13.278   0.008  30.942   0.720   64.25  1.966 c  J114254+265457.dat             -                             
2.1407906  13.058   0.019  54.982   3.183   63.67  2.040 c  J114254+265457.dat             -                             
2.1419627  12.954   0.015  26.438   1.177   63.66  1.500 l  J114254+265457.dat             -                             
2.1439223  13.288   0.008  34.097   0.857   63.66  1.421 b  J114254+265457.dat             -                             
2.1446530  13.177   0.047  78.021   9.423   63.67  1.084 r  J114254+265457.dat             -                             
2.1499401  13.346   0.005  20.332   0.299   62.85  0.914 l  J114254+265457.dat             -                             
2.1597517  12.897   0.020  49.230   2.790   65.64  1.402 c  J114254+265457.dat             -                             
2.1617005  12.932   0.011  32.540   0.974   65.61  0.837 c  J114254+265457.dat             -                             
2.1755167  13.182   0.005  20.906   0.293   69.20  0.930 c  J114254+265457.dat             -                             
2.1774582  13.944   0.004  28.456   0.263   68.88  2.448 r  J114254+265457.dat             -                             
2.1790809  13.360   0.007  35.586   0.689   68.88  1.783 c  J114254+265457.dat             -                             
2.1805989  13.078   0.009  33.946   0.889   69.08  1.201 c  J114254+265457.dat             -                             
2.1871092  13.366   0.007  23.501   0.460   70.03  1.958 r  J114254+265457.dat             -                             
2.1929331  13.569   0.004  20.239   0.182   72.04  1.646 c  J114254+265457.dat             -                             
2.1950084  12.997   0.013  15.456   0.594   71.69  1.986 l  J114254+265457.dat             -                             
2.1977528  13.190   0.012  26.827   0.933   71.69  2.111 r  J114254+265457.dat             -                             
2.1998405  12.966   0.012  34.430   1.104   70.58  1.249 c  J114254+265457.dat             -                             
2.2078308  12.967   0.017  24.941   1.277   68.61  2.713 b  J114254+265457.dat             -                             
2.2084721  13.328   0.005  22.079   0.340   68.62  1.108 r  J114254+265457.dat             -                             
2.2095821  13.427   0.005  22.996   0.339   68.61  1.363 r  J114254+265457.dat             -                             
2.2125901  13.363   0.005  19.603   0.233   68.51  1.316 c  J114254+265457.dat             -                             
2.2146179  13.047   0.009  25.851   0.609   67.53  1.080 c  J114254+265457.dat             -                             
2.2184172  13.058   0.009  18.409   0.480   68.77  1.802 c  J114254+265457.dat             -                             
2.2232722  12.900   0.009  30.769   0.771   72.63  0.514 r  J114254+265457.dat             -                             
2.2377796  12.990   0.013  27.138   1.005   73.87  1.313 l  J114254+265457.dat             -                             
2.2385017  13.285   0.006  24.976   0.421   73.87  1.005 b  J114254+265457.dat             -                             
2.2396175  12.936   0.010  22.837   0.694   73.04  0.902 r  J114254+265457.dat             -                             
2.2469041  13.511   0.005  28.025   0.441   71.20  1.782 b  J114254+265457.dat             -                             
2.2524348  13.161   0.008  27.032   0.617   71.08  1.656 c  J114254+265457.dat             -                             
2.2534009  12.978   0.014  35.047   1.435   70.92  1.206 l  J114254+265457.dat             -                             
2.2617814  13.304   0.006  20.484   0.302   70.56  1.761 c  J114254+265457.dat             -                             
2.2627622  13.441   0.004  25.290   0.338   70.51  1.205 b  J114254+265457.dat             -                             
2.2669201  13.128   0.011  20.088   0.625   72.29  1.998 l  J114254+265457.dat             -                             
2.2710796  13.717   0.004  27.282   0.346   72.29  2.399 b  J114254+265457.dat             -                             
2.2727441  13.166   0.009  31.841   0.830   72.30  1.204 r  J114254+265457.dat             -                             
2.2813826  13.116   0.034  62.548   5.761   71.72  2.278 l  J114254+265457.dat             -                             
2.2836863  13.020   0.018  56.575   3.085   71.49  1.756 c  J114254+265457.dat             -                             
2.2925621  13.476   0.004  24.580   0.305   73.96  1.207 l  J114254+265457.dat             -                             
2.2932678  13.280   0.009  27.908   0.694   73.96  2.047 r  J114254+265457.dat             -                             
2.3010937  13.035   0.010  28.541   0.755   74.99  1.364 c  J114254+265457.dat             -                             
2.3053883  13.279   0.008  38.470   0.834   76.24  2.158 c  J114254+265457.dat             -                             
2.3105688  13.720   0.004  26.914   0.317   76.33  2.689 b  J114254+265457.dat             -                             
2.3115395  13.118   0.015  48.021   2.101   76.33  1.201 r  J114254+265457.dat             -                             
2.3127753  13.271   0.009  35.794   0.971   76.50  1.688 l  J114254+265457.dat             -                             
2.3158321  14.004   0.005  23.400   0.204   76.01  2.570 b  J114254+265457.dat             -                             
2.3170164  13.213   0.008  37.900   0.832   75.99  0.859 r  J114254+265457.dat             -                             
2.3187067  13.008   0.012  24.572   0.842   75.21  2.239 c  J114254+265457.dat             -                             
2.3243006  14.083   0.004  26.046   0.173   74.05  1.644 b  J114254+265457.dat             -                             
2.3284242  13.123   0.010  23.523   0.711   74.61  1.977 l  J114254+265457.dat             -                             
2.3358337  13.391   0.005  30.483   0.468   76.56  1.447 r  J114254+265457.dat             -                             
2.3376823  13.028   0.009  18.755   0.530   78.06  1.208 b  J114254+265457.dat             -                             
2.3476308  13.449   0.004  22.335   0.252   76.79  0.958 b  J114254+265457.dat             -                             
2.3623445  13.344   0.006  35.008   0.572   78.80  1.111 l  J114254+265457.dat             -                             
2.3629713  13.093   0.014  41.421   1.566   78.82  0.871 r  J114254+265457.dat             -                             
2.3688970  13.348   0.006  24.544   0.440   79.52  1.943 r  J114254+265457.dat             -                             
2.3797166  12.991   0.011  25.564   0.841   78.35  1.328 b  J114254+265457.dat             -                             
2.3802833  12.956   0.008  17.290   0.430   78.36  1.052 b  J114254+265457.dat             -                             
2.3823638  13.508   0.006  33.253   0.667   77.37  2.724 b  J114254+265457.dat             -                             
2.3848999  13.444   0.007  31.454   0.602   78.25  2.238 l  J114254+265457.dat             -                             
2.3868209  13.648   0.004  25.338   0.272   78.32  2.080 b  J114254+265457.dat             -                             
2.3885558  13.299   0.007  30.220   0.681   78.76  1.963 b  J114254+265457.dat             -                             
2.3987585  13.153   0.005  28.041   0.411   82.17  0.904 c  J114254+265457.dat             -                             
2.4017320  13.205   0.009  41.475   1.052   82.32  2.192 c  J114254+265457.dat             -                             
2.4076852  13.101   0.010  19.003   0.545   81.32  2.072 l  J114254+265457.dat             -                             
2.4084119  13.420   0.008  40.141   0.973   81.29  2.830 b  J114254+265457.dat             -                             
2.4091892  13.149   0.007  21.949   0.424   81.26  1.119 r  J114254+265457.dat             -                             
2.4182233  13.895   0.003  25.231   0.183   85.38  2.107 b  J114254+265457.dat             -                             
2.4296050  13.060   0.011  23.051   0.751   84.81  1.648 l  J114254+265457.dat             -                             
2.4421237  13.023   0.017  23.168   1.152   84.62  2.970 r  J114254+265457.dat             -                             
2.4469497  13.428   0.004  26.818   0.271   86.28  1.566 c  J114254+265457.dat             -                             
2.4486393  13.322   0.004  22.577   0.250   85.97  1.452 c  J114254+265457.dat             -                             
2.4515386  13.421   0.007  42.370   0.918   87.01  2.790 l  J114254+265457.dat             -                             
2.4610140  13.286   0.008  29.240   0.715   88.49  2.656 b  J114254+265457.dat             -                             
2.4797923  13.395   0.007  30.146   0.567   94.90  2.562 l  J114254+265457.dat             -                             
2.4906213  13.336   0.003  19.332   0.144   96.34  0.949 c  J114254+265457.dat             -                             
2.4990939  13.211   0.007  24.362   0.488   93.15  1.516 r  J114254+265457.dat             -                             
2.5076350  12.997   0.012  38.759   1.271   97.41  2.120 c  J114254+265457.dat             -                             
2.5116470  12.943   0.009  30.913   0.851   97.60  1.217 r  J114254+265457.dat             -                             
2.5137392  13.621   0.003  22.436   0.143   97.15  1.932 c  J114254+265457.dat             -                             
2.5149554  13.092   0.006  26.139   0.475   97.52  0.968 l  J114254+265457.dat             -                             
2.5173057  13.299   0.005  19.542   0.278   99.28  1.850 l  J114254+265457.dat             -                             
2.5180479  13.025   0.007  24.335   0.472   99.30  0.956 r  J114254+265457.dat             -                             
2.5222032  13.063   0.007  24.585   0.509  101.55  1.210 r  J114254+265457.dat             -                             
2.5426215  13.160   0.005  22.057   0.269  106.82  1.438 c  J114254+265457.dat             -                             
2.5479055  13.221   0.007  31.389   0.641  109.35  2.224 r  J114254+265457.dat             -                             
2.5529668  13.102   0.007  36.658   0.754  109.86  1.072 b  J114254+265457.dat             -                             
2.5580651  13.438   0.003  25.196   0.200  110.51  1.046 b  J114254+265457.dat             -                             
2.5660136  13.336   0.003  29.462   0.231  114.88  1.087 c  J114254+265457.dat             -                             
2.5693050  13.155   0.005  27.915   0.387  119.84  1.603 c  J114254+265457.dat             -                             
