3.0012057  13.488   0.003  35.403   0.267   58.09  0.760 r  J162116-004250.dat             -                             
3.0406568  13.463   0.005  35.167   0.479   89.95  1.635 r  J162116-004250.dat             -                             
3.0460223  12.976   0.017  62.242   3.143   79.12  1.165 c  J162116-004250.dat             -                             
3.0532553  13.639   0.003  20.453   0.152   75.71  1.489 c  J162116-004250.dat             -                             
3.0637126  13.585   0.006  28.557   0.490   75.76  2.903 l  J162116-004250.dat             -                             
3.0842091  13.016   0.012  43.368   1.489   68.49  1.382 c  J162116-004250.dat             -                             
3.0854041  12.974   0.010  26.303   0.741   67.44  1.507 c  J162116-004250.dat             -                             
3.0962447  12.911   0.022  32.177   2.059   60.26  2.036 r  J162116-004250.dat             -                             
3.1159599  13.080   0.012   9.991   0.387   48.56  2.238 b  J162116-004250.dat             -                             
3.1170753  13.789   0.003  28.675   0.256   48.58  1.157 r  J162116-004250.dat             -                             
3.1219337  13.548   0.004  22.654   0.288   49.83  1.178 l  J162116-004250.dat             -                             
3.1228329  13.563   0.006  23.950   0.427   49.85  2.178 b  J162116-004250.dat             -                             
3.1256606  13.061   0.011  24.115   0.746   57.15  1.192 c  J162116-004250.dat             -                             
3.1280650  13.355   0.007  43.794   0.865   57.61  1.330 c  J162116-004250.dat             -                             
3.1343377  14.036   0.005  25.289   0.246   58.38  1.998 b  J162116-004250.dat             -                             
3.1377003  13.705   0.005  20.859   0.263   59.17  2.000 l  J162116-004250.dat             -                             
3.1474394  13.369   0.006  39.142   0.680   60.01  0.792 r  J162116-004250.dat             -                             
3.1544848  13.312   0.006  26.391   0.497   60.89  1.036 b  J162116-004250.dat             -                             
3.1554958  12.972   0.015  29.254   1.313   60.89  1.352 r  J162116-004250.dat             -                             
3.1603163  13.808   0.003  23.417   0.148   61.17  1.219 c  J162116-004250.dat             -                             
3.1641607  13.331   0.012  41.454   1.527   60.28  1.627 b  J162116-004250.dat             -                             
3.1651831  13.581   0.006  30.748   0.571   60.28  2.429 b  J162116-004250.dat             -                             
3.1716306  13.116   0.020  43.093   2.577   60.18  2.260 l  J162116-004250.dat             -                             
3.1742134  13.104   0.006  31.043   0.520   60.21  0.441 c  J162116-004250.dat             -                             
3.1755057  13.558   0.004  30.307   0.334   60.31  1.509 c  J162116-004250.dat             -                             
3.1769638  12.922   0.011  34.407   1.086   60.21  0.728 c  J162116-004250.dat             -                             
3.1858094  13.281   0.006  24.965   0.414   59.88  0.737 l  J162116-004250.dat             -                             
3.1867479  13.355   0.007  29.270   0.628   59.87  1.355 b  J162116-004250.dat             -                             
3.1888082  13.452   0.008  42.525   1.029   59.88  1.889 l  J162116-004250.dat             -                             
3.1898963  13.371   0.007  32.473   0.674   59.91  1.507 r  J162116-004250.dat             -                             
3.1918894  14.544   0.008  38.341   0.290   59.86  1.978 l  J162116-004250.dat             -                             
3.1969225  13.365   0.009  31.540   0.884   59.88  1.788 b  J162116-004250.dat             -                             
3.2027248  13.534   0.007  23.821   0.481   59.91  2.620 b  J162116-004250.dat             -                             
3.2036080  13.546   0.007  33.090   0.635   59.91  2.282 r  J162116-004250.dat             -                             
3.2184933  14.154   0.005  28.940   0.242   58.68  2.030 b  J162116-004250.dat             -                             
3.2206472  13.300   0.010  31.839   1.002   58.67  1.823 b  J162116-004250.dat             -                             
3.2220413  14.415   0.008  28.662   0.217   58.66  1.295 b  J162116-004250.dat             -                             
3.2272274  13.471   0.005  24.548   0.374   58.20  1.292 l  J162116-004250.dat             -                             
3.2343962  13.631   0.007  27.646   0.549   57.97  2.904 b  J162116-004250.dat             -                             
3.2410345  14.496   0.012  33.509   0.377   57.97  2.468 b  J162116-004250.dat             -                             
3.2499739  13.895   0.003  29.271   0.178   58.28  0.782 r  J162116-004250.dat             -                             
3.2524439  13.640   0.006  32.070   0.554   58.75  2.802 r  J162116-004250.dat             -                             
3.2540963  13.323   0.010  32.219   0.967   58.75  2.014 b  J162116-004250.dat             -                             
3.2638742  13.144   0.008  31.860   0.721   58.72  0.995 c  J162116-004250.dat             -                             
3.2666633  13.133   0.006  22.075   0.395   58.37  0.422 l  J162116-004250.dat             -                             
3.2676430  13.314   0.006  24.724   0.425   58.37  0.751 b  J162116-004250.dat             -                             
3.2733775  13.152   0.010  24.756   0.712   56.56  1.634 c  J162116-004250.dat             -                             
3.2800398  13.415   0.007  25.631   0.471   57.16  2.302 c  J162116-004250.dat             -                             
3.2887010  12.897   0.007  27.851   0.919   59.62  1.159 c  J162116-004250.dat             -                             
3.2918882  13.275   0.009  26.495   0.728   59.11  1.540 l  J162116-004250.dat             -                             
3.2954772  12.921   0.013  35.990   1.290   58.46  0.929 c  J162116-004250.dat             -                             
3.3014557  13.950   0.004  23.857   0.203   58.25  1.819 b  J162116-004250.dat             -                             
3.3079036  14.206   0.006  31.034   0.280   58.33  2.205 b  J162116-004250.dat             -                             
3.3167748  14.348   0.009  22.867   0.182   58.12  1.041 r  J162116-004250.dat             -                             
3.3189680  13.186   0.013  30.245   1.155   59.79  1.350 l  J162116-004250.dat             -                             
3.3205402  13.143   0.022  48.937   3.184   59.80  0.640 b  J162116-004250.dat             -                             
3.3218829  13.439   0.010  41.478   1.302   59.81  2.962 b  J162116-004250.dat             -                             
3.3232934  13.762   0.005  19.261   0.226   59.88  1.980 l  J162116-004250.dat             -                             
3.3296040  13.163   0.013  29.639   1.159   60.81  1.567 b  J162116-004250.dat             -                             
3.3319740  13.724   0.003  20.355   0.154   61.04  1.448 c  J162116-004250.dat             -                             
3.3356024  13.484   0.005  26.092   0.345   60.85  1.170 l  J162116-004250.dat             -                             
3.3369487  13.155   0.008  26.987   0.643   60.85  0.775 b  J162116-004250.dat             -                             
3.3428603  13.075   0.012  24.215   0.847   60.31  1.333 l  J162116-004250.dat             -                             
3.3522312  13.559   0.006  21.267   0.383   59.57  2.629 r  J162116-004250.dat             -                             
3.3555092  13.878   0.004  22.211   0.131   59.93  0.649 b  J162116-004250.dat             -                             
3.3645765  13.464   0.007  24.387   0.532   61.72  2.136 b  J162116-004250.dat             -                             
3.3703007  13.974   0.005  20.235   0.146   61.42  1.159 b  J162116-004250.dat             -                             
3.3892085  13.173   0.010  23.383   0.747   60.65  1.420 b  J162116-004250.dat             -                             
3.3903636  13.532   0.004  16.799   0.201   60.65  1.104 b  J162116-004250.dat             -                             
3.3916486  13.612   0.003  20.575   0.143   60.65  0.467 b  J162116-004250.dat             -                             
3.3929573  13.428   0.007  33.428   0.689   60.65  1.449 b  J162116-004250.dat             -                             
3.4081880  13.544   0.007  30.478   0.572   61.91  2.559 l  J162116-004250.dat             -                             
3.4121205  14.068   0.005  21.888   0.193   61.87  2.038 l  J162116-004250.dat             -                             
3.4142622  13.027   0.026  60.895   4.787   61.82  2.228 c  J162116-004250.dat             -                             
3.4203430  13.316   0.007  22.593   0.477   61.14  1.490 l  J162116-004250.dat             -                             
3.4211755  13.480   0.006  19.858   0.346   61.16  2.141 b  J162116-004250.dat             -                             
3.4242081  13.243   0.007  22.267   0.482   61.09  1.226 l  J162116-004250.dat             -                             
3.4305728  13.615   0.003  26.758   0.204   61.67  0.526 l  J162116-004250.dat             -                             
3.4315721  13.410   0.006  33.506   0.584   61.70  1.078 r  J162116-004250.dat             -                             
3.4336690  13.061   0.012  40.275   1.414   62.14  1.280 c  J162116-004250.dat             -                             
3.4373215  14.417   0.014  23.157   0.263   62.33  2.273 l  J162116-004250.dat             -                             
3.4509549  13.814   0.004  23.047   0.223   62.75  1.975 b  J162116-004250.dat             -                             
3.4630222  13.608   0.003  17.840   0.172   63.46  1.090 b  J162116-004250.dat             -                             
3.4642555  13.413   0.006  26.936   0.424   63.46  1.946 c  J162116-004250.dat             -                             
3.4784050  13.252   0.008  23.402   0.529   63.79  1.444 l  J162116-004250.dat             -                             
3.4951828  13.352   0.006  32.810   0.628   66.65  1.181 b  J162116-004250.dat             -                             
3.4994210  14.008   0.005  21.419   0.101   66.68  0.565 b  J162116-004250.dat             -                             
3.5014922  13.334   0.005  27.500   0.414   66.69  0.826 r  J162116-004250.dat             -                             
3.5027162  13.011   0.011  25.892   0.781   66.84  1.386 c  J162116-004250.dat             -                             
3.5146920  13.402   0.004  26.372   0.248   67.41  0.807 c  J162116-004250.dat             -                             
3.5188025  13.415   0.003  25.227   0.238   68.85  0.452 b  J162116-004250.dat             -                             
3.5233084  13.181   0.062 101.151  16.103   69.01  1.051 l  J162116-004250.dat             -                             
3.5249078  14.324   0.007  27.770   0.222   69.03  2.272 r  J162116-004250.dat             -                             
3.5276664  13.312   0.005  24.953   0.359   69.38  0.780 l  J162116-004250.dat             -                             
3.5290339  13.121   0.007  26.841   0.570   69.39  0.759 r  J162116-004250.dat             -                             
3.5304020  12.991   0.008  27.847   0.610   69.52  0.726 c  J162116-004250.dat             -                             
3.5316452  13.064   0.008  29.040   0.619   69.80  0.956 c  J162116-004250.dat             -                             
3.5698150  13.879   0.003  19.990   0.090   71.97  0.676 b  J162116-004250.dat             -                             
3.5755308  13.420   0.005  23.569   0.370   72.04  1.667 b  J162116-004250.dat             -                             
3.5793516  13.692   0.004  23.548   0.200   73.05  2.271 c  J162116-004250.dat             -                             
3.5839581  13.060   0.016  64.166   3.139   70.82  1.239 c  J162116-004250.dat             -                             
3.5873697  12.996   0.015  42.940   1.879   73.83  1.217 l  J162116-004250.dat             -                             
3.5886623  12.963   0.014  30.213   1.263   73.85  1.736 r  J162116-004250.dat             -                             
3.5902656  12.950   0.014  32.464   1.386   74.07  1.511 l  J162116-004250.dat             -                             
3.5990127  12.948   0.009  27.461   0.648   77.53  0.997 c  J162116-004250.dat             -                             
3.6007140  13.064   0.010  54.995   1.583   78.24  0.882 c  J162116-004250.dat             -                             
3.6045121  13.210   0.005  24.490   0.393   79.03  0.849 b  J162116-004250.dat             -                             
3.6180784  13.763   0.002  23.861   0.155   84.44  1.399 l  J162116-004250.dat             -                             
3.6232595  13.275   0.005  22.846   0.328   80.05  1.112 b  J162116-004250.dat             -                             
3.6247566  12.976   0.013  44.429   1.610   78.89  1.709 c  J162116-004250.dat             -                             
3.6317421  13.444   0.006  35.534   0.576   48.75  2.113 l  J162116-004250.dat             -                             
