1.5434374  12.967   0.035  19.672   1.871   17.27  1.190 c  J222756-224302.dat             -                             
1.5450779  13.375   0.048  34.474   4.552   17.96  1.940 c  J222756-224302.dat             -                             
1.5523988  13.311   0.063  50.779   9.449   18.15  1.671 c  J222756-224302.dat             -                             
1.5549958  13.750   0.016  31.328   1.142   18.90  2.614 c  J222756-224302.dat             -                             
1.5575752  12.789   0.057  38.501   3.224   20.42  1.476 c  J222756-224302.dat             -                             
1.5588452  13.109   0.061  67.942  12.728   20.85  1.344 c  J222756-224302.dat             -                             
1.5622878  13.156   0.038  54.532   6.262   20.91  1.140 c  J222756-224302.dat             -                             
1.5682013  12.982   0.062  57.523  10.917   21.58  1.260 c  J222756-224302.dat             -                             
1.5727265  12.975   0.046  38.748   5.222   22.91  1.478 c  J222756-224302.dat             -                             
1.5762357  13.017   0.044  35.611   4.482   23.93  0.891 r  J222756-224302.dat             -                             
1.5775708  13.468   0.011  27.840   0.808   24.12  1.205 c  J222756-224302.dat             -                             
1.5840465  13.211   0.032  29.465   2.729   24.40  2.776 c  J222756-224302.dat             -                             
1.5867810  12.645   0.073  50.079   2.690   24.52  1.443 c  J222756-224302.dat             -                             
1.5884819  13.501   0.009  24.644   0.549   25.13  0.820 c  J222756-224302.dat             -                             
1.5903518  12.943   0.040  46.435   5.371   25.43  1.180 c  J222756-224302.dat             -                             
1.5911563  13.269   0.017   8.966   0.414   25.91  2.007 b  J222756-224302.dat             -                             
1.5922422  13.762   0.011  33.068   0.850   26.35  2.614 c  J222756-224302.dat             -                             
1.5933960  13.093   0.033  42.016   3.752   26.31  1.994 c  J222756-224302.dat             -                             
1.6036266  13.009   0.052  38.000   5.641   26.98  0.968 l  J222756-224302.dat             -                             
1.6043348  13.921   0.010  33.126   0.954   27.03  2.373 b  J222756-224302.dat             -                             
1.6059568  13.778   0.011  30.483   0.900   27.06  2.252 r  J222756-224302.dat             -                             
1.6087315  12.871   0.052  50.507   7.603   28.35  1.398 c  J222756-224302.dat             -                             
1.6184270  13.245   0.055  42.802   5.602   28.65  1.501 c  J222756-224302.dat             -                             
1.6212780  13.249   0.016  31.931   1.488   29.27  1.050 c  J222756-224302.dat             -                             
1.6288886  12.778   0.054  52.091   8.271   32.19  1.113 c  J222756-224302.dat             -                             
1.6366047  13.181   0.072  96.175  18.804   31.49  0.798 c  J222756-224302.dat             -                             
1.6434046  13.087   0.014  20.134   0.757   33.12  0.944 c  J222756-224302.dat             -                             
1.6441304  13.078   0.023  30.039   1.981   33.46  1.847 c  J222756-224302.dat             -                             
1.6451396  13.066   0.027  26.529   2.198   33.97  2.133 c  J222756-224302.dat             -                             
1.6501777  12.948   0.044  65.210   8.723   34.82  0.893 c  J222756-224302.dat             -                             
1.6511620  13.069   0.046  68.411   9.639   34.74  1.519 c  J222756-224302.dat             -                             
1.6525431  13.102   0.022  23.847   1.526   34.56  2.147 c  J222756-224302.dat             -                             
1.6558797  13.514   0.011  22.533   0.639   35.03  2.847 c  J222756-224302.dat             -                             
1.6566718  13.205   0.025  40.427   3.073   35.08  2.037 c  J222756-224302.dat             -                             
1.6637682  13.257   0.015  35.755   1.460   38.30  1.853 c  J222756-224302.dat             -                             
1.6652477  12.778   0.018  21.886   1.096   38.47  0.771 c  J222756-224302.dat             -                             
1.6675647  13.520   0.008  19.968   0.366   39.03  1.657 c  J222756-224302.dat             -                             
1.6693685  13.315   0.020  48.296   2.835   38.81  2.023 c  J222756-224302.dat             -                             
1.6722645  13.955   0.006  25.050   0.307   38.28  1.391 l  J222756-224302.dat             -                             
1.6862783  13.011   0.014   9.182   0.405   40.53  1.434 l  J222756-224302.dat             -                             
1.6906809  13.659   0.006  26.585   0.384   40.67  1.575 c  J222756-224302.dat             -                             
1.6915125  13.622   0.008  14.752   0.311   40.71  1.864 l  J222756-224302.dat             -                             
1.6953969  13.213   0.012  32.146   1.073   40.44  1.140 c  J222756-224302.dat             -                             
1.6981553  12.922   0.029  41.856   3.291   40.77  1.568 c  J222756-224302.dat             -                             
1.6992686  12.870   0.037  53.694   5.885   41.08  1.294 c  J222756-224302.dat             -                             
1.7022115  13.976   0.007  27.463   0.437   42.16  2.738 b  J222756-224302.dat             -                             
1.7083982  13.053   0.019  33.308   1.802   41.83  1.636 c  J222756-224302.dat             -                             
1.7121067  12.912   0.017  20.905   0.952   41.64  0.995 c  J222756-224302.dat             -                             
1.7187989  13.347   0.010  39.556   1.059   42.89  1.406 c  J222756-224302.dat             -                             
1.7264296  13.609   0.008  26.126   0.593   44.61  2.324 r  J222756-224302.dat             -                             
1.7304232  13.569   0.007  24.729   0.457   44.72  2.281 c  J222756-224302.dat             -                             
1.7415355  13.765   0.006  28.791   0.467   47.36  2.558 r  J222756-224302.dat             -                             
1.7476231  12.980   0.022  26.079   1.642   47.52  1.299 l  J222756-224302.dat             -                             
1.7481418  13.570   0.007  26.932   0.615   47.52  1.968 b  J222756-224302.dat             -                             
1.7509319  13.638   0.007  23.586   0.433   47.94  2.159 r  J222756-224302.dat             -                             
1.7523937  13.854   0.006  25.048   0.347   47.98  2.188 r  J222756-224302.dat             -                             
1.7568896  12.888   0.026  29.588   2.176   49.26  1.754 l  J222756-224302.dat             -                             
1.7640881  13.570   0.005  22.096   0.271   51.56  1.492 c  J222756-224302.dat             -                             
1.7865617  13.391   0.010  39.691   1.154   55.75  1.423 l  J222756-224302.dat             -                             
1.7872408  13.823   0.004  28.458   0.306   55.75  1.704 r  J222756-224302.dat             -                             
1.8003419  13.418   0.006  20.256   0.296   61.16  1.840 c  J222756-224302.dat             -                             
1.8123492  13.552   0.005  27.528   0.330   61.92  1.738 c  J222756-224302.dat             -                             
