z          N        Nerr   b        berr    snr    chi   t   name
2.1419787  13.458   0.011  27.052   0.841   25.57  1.135 r  J014516-094517A_v2.dat
2.1531220  13.418   0.015  32.694   1.564   24.26  1.489 b  J014516-094517A_v2.dat
2.1538215  13.126   0.038  40.003   4.454   24.28  0.669 b  J014516-094517A_v2.dat
2.1618942  13.618   0.005  23.875   0.283   28.33  0.866 c  J014516-094517A_v2.dat
2.1673388  13.025   0.014  31.146   1.191   30.87  0.744 c  J014516-094517A_v2.dat
2.1718926  13.098   0.025  35.335   2.778   28.94  0.932 b  J014516-094517A_v2.dat
2.1790608  12.971   0.019  23.365   1.166   28.01  1.188 c  J014516-094517A_v2.dat
2.1811000  13.852   0.006  32.886   0.530   26.82  1.228 l  J014516-094517A_v2.dat
2.1825477  14.186   0.009  29.559   0.330   26.59  1.310 c  J014516-094517A_v2.dat
2.1851502  13.765   0.005  28.520   0.334   25.79  0.923 c  J014516-094517A_v2.dat
2.1886258  13.542   0.011  26.000   0.789   24.65  1.695 l  J014516-094517A_v2.dat
2.1904209  13.299   0.011  23.555   0.777   24.51  0.670 b  J014516-094517A_v2.dat
2.2132563  12.820   0.027  23.885   1.774   23.09  0.853 c  J014516-094517A_v2.dat
2.2227525  13.412   0.009  22.882   0.504   22.30  0.838 c  J014516-094517A_v2.dat
2.2248765  13.736   0.007  24.096   0.352   21.49  0.979 c  J014516-094517A_v2.dat
2.2258469  13.285   0.014  27.144   1.021   21.33  1.201 c  J014516-094517A_v2.dat
2.2268460  13.129   0.033  37.606   3.755   21.23  0.944 b  J014516-094517A_v2.dat
2.2303122  13.123   0.021  31.528   1.773   22.10  1.217 c  J014516-094517A_v2.dat
2.2361412  13.171   0.024  31.456   2.175   25.07  1.453 l  J014516-094517A_v2.dat
2.2408772  14.324   0.014  28.664   0.352   24.41  1.044 c  J014516-094517A_v2.dat
2.2462029  13.152   0.017  28.864   1.310   23.14  0.977 c  J014516-094517A_v2.dat
2.2492799  13.268   0.012  28.656   0.973   21.71  0.742 c  J014516-094517A_v2.dat
2.2506829  13.308   0.012  21.478   0.731   21.17  0.894 l  J014516-094517A_v2.dat
2.2516404  13.348   0.018  37.903   2.031   21.05  0.979 r  J014516-094517A_v2.dat
2.2531430  14.400   0.022  27.161   0.450   21.06  1.215 c  J014516-094517A_v2.dat
2.2540306  13.082   0.021  22.800   1.346   21.08  1.124 b  J014516-094517A_v2.dat
2.2573953  12.997   0.024  27.557   1.720   22.03  1.097 c  J014516-094517A_v2.dat
2.2611910  13.095   0.018  18.919   0.873   21.79  1.305 c  J014516-094517A_v2.dat
2.2899349  13.007   0.046  34.236   4.116   21.71  0.911 l  J014516-094517A_v2.dat
2.2903088  13.130   0.020  26.828   1.490   21.97  1.032 r  J014516-094517A_v2.dat
2.2914161  13.304   0.018  30.931   1.557   22.30  1.676 c  J014516-094517A_v2.dat
2.3133853  13.885   0.006  32.496   0.388   23.86  0.993 c  J014516-094517A_v2.dat
2.3190043  12.912   0.030  25.562   2.215   21.75  0.766 r  J014516-094517A_v2.dat
2.3211877  14.027   0.012  25.227   0.531   20.28  1.393 b  J014516-094517A_v2.dat
2.3218440  13.185   0.020  27.903   1.608   20.26  0.755 r  J014516-094517A_v2.dat
2.3231680  14.403   0.022  31.114   0.689   20.37  1.359 l  J014516-094517A_v2.dat
2.3251697  14.055   0.009  30.514   0.580   20.14  1.305 r  J014516-094517A_v2.dat
2.3329404  13.030   0.023  30.518   1.910   20.72  0.944 c  J014516-094517A_v2.dat
2.3379488  13.833   0.007  20.224   0.259   20.79  0.644 c  J014516-094517A_v2.dat
2.3454005  13.188   0.021  25.330   1.490   21.82  1.138 r  J014516-094517A_v2.dat
2.3467443  13.235   0.015  21.557   0.889   22.09  1.136 r  J014516-094517A_v2.dat
2.3505888  12.929   0.028  25.138   1.859   21.97  1.165 c  J014516-094517A_v2.dat
2.3531899  13.165   0.013  21.948   0.754   20.38  0.688 c  J014516-094517A_v2.dat
2.3618919  13.148   0.032  50.878   4.837   18.77  1.102 c  J014516-094517A_v2.dat
2.3670158  14.407   0.022  31.331   0.664   18.64  1.168 r  J014516-094517A_v2.dat
2.3734783  12.953   0.022  27.041   1.599   19.01  0.656 c  J014516-094517A_v2.dat
2.3863042  13.288   0.011  18.558   0.623   21.63  0.753 b  J014516-094517A_v2.dat
2.3916084  13.848   0.009  27.490   0.631   21.37  1.504 b  J014516-094517A_v2.dat
2.3977931  14.332   0.021  27.882   0.581   20.73  1.267 l  J014516-094517A_v2.dat
2.4015627  12.854   0.037  26.483   2.836   19.83  0.906 l  J014516-094517A_v2.dat
2.4022786  13.297   0.028  31.014   2.280   19.89  0.812 l  J014516-094517A_v2.dat
2.4026623  13.480   0.014  28.005   1.116   19.89  1.494 r  J014516-094517A_v2.dat
2.4069470  13.391   0.013  31.080   1.032   20.26  1.188 c  J014516-094517A_v2.dat
2.4171990  14.093   0.011  26.289   0.466   20.82  1.256 b  J014516-094517A_v2.dat
2.4190708  14.531   0.027  27.608   0.476   20.93  1.347 c  J014516-094517A_v2.dat
2.4260071  13.029   0.024  32.279   2.172   23.77  1.301 c  J014516-094517A_v2.dat
2.4268359  13.194   0.014  24.658   0.929   23.87  1.179 c  J014516-094517A_v2.dat
2.4278828  13.003   0.030  41.255   3.445   23.52  1.271 c  J014516-094517A_v2.dat
2.4402698  13.757   0.007  24.160   0.430   21.17  0.938 b  J014516-094517A_v2.dat
2.4449119  12.934   0.034  41.238   4.044   20.25  0.953 c  J014516-094517A_v2.dat
2.4498744  13.796   0.008  26.485   0.442   22.55  1.547 c  J014516-094517A_v2.dat
2.4513019  12.998   0.023  28.871   1.802   22.64  1.031 c  J014516-094517A_v2.dat
2.4524237  13.637   0.007  23.628   0.377   22.73  0.963 c  J014516-094517A_v2.dat
2.4564740  13.025   0.020  24.000   1.257   22.86  0.974 c  J014516-094517A_v2.dat
2.4616869  13.690   0.006  25.716   0.453   24.43  0.630 l  J014516-094517A_v2.dat
2.4630217  14.357   0.019  26.537   0.462   24.48  1.254 r  J014516-094517A_v2.dat
2.4672083  12.876   0.027  32.321   2.367   25.66  0.960 c  J014516-094517A_v2.dat
2.4735948  13.051   0.046  34.064   4.731   23.43  1.063 b  J014516-094517A_v2.dat
2.4815502  13.459   0.011  19.057   0.644   21.28  1.077 b  J014516-094517A_v2.dat
2.4845828  14.300   0.017  29.608   0.589   20.98  1.445 r  J014516-094517A_v2.dat
2.4962455  13.985   0.009  21.562   0.343   22.27  0.953 l  J014516-094517A_v2.dat
2.4968657  13.178   0.019  22.796   1.252   22.27  1.034 r  J014516-094517A_v2.dat
2.5026839  13.108   0.033  29.595   2.702   22.34  0.991 l  J014516-094517A_v2.dat
2.5059670  13.295   0.011  22.797   0.778   22.64  0.931 b  J014516-094517A_v2.dat
2.5069736  13.020   0.049  38.815   5.685   22.78  1.246 b  J014516-094517A_v2.dat
2.5079538  13.147   0.042  38.858   4.851   23.49  0.945 b  J014516-094517A_v2.dat
2.5112817  13.016   0.023  36.442   2.301   24.65  1.060 c  J014516-094517A_v2.dat
2.5175502  13.149   0.053  41.310   5.283   22.79  1.239 l  J014516-094517A_v2.dat
2.5181674  13.277   0.020  32.193   1.876   22.89  1.155 r  J014516-094517A_v2.dat
2.5192828  13.794   0.008  24.637   0.403   22.80  1.396 c  J014516-094517A_v2.dat
2.5345921  13.378   0.018  27.983   1.330   23.16  0.953 l  J014516-094517A_v2.dat
2.5441152  12.992   0.023  29.707   1.821   22.67  1.028 c  J014516-094517A_v2.dat
2.5471648  13.438   0.008  23.564   0.492   24.32  1.099 c  J014516-094517A_v2.dat
2.5489505  12.916   0.027  36.291   2.675   25.65  1.046 c  J014516-094517A_v2.dat
2.5573801  13.176   0.013  28.551   1.039   25.72  0.938 c  J014516-094517A_v2.dat
2.5620957  13.339   0.012  26.690   0.838   24.99  1.355 c  J014516-094517A_v2.dat
2.5671277  13.452   0.012  25.040   0.880   21.49  1.122 l  J014516-094517A_v2.dat
2.5680287  13.475   0.010  19.871   0.597   21.49  1.223 b  J014516-094517A_v2.dat
2.5716581  13.791   0.008  22.370   0.329   22.94  1.264 c  J014516-094517A_v2.dat
2.5751783  13.257   0.026  38.519   2.707   24.46  1.025 l  J014516-094517A_v2.dat
2.5760956  13.185   0.029  35.857   2.794   24.48  1.155 r  J014516-094517A_v2.dat
2.5842831  13.661   0.007  21.099   0.389   24.55  0.898 r  J014516-094517A_v2.dat
2.5935891  13.048   0.018  29.733   1.466   26.93  1.161 c  J014516-094517A_v2.dat
2.6135151  13.204   0.014  38.466   1.560   24.56  0.868 c  J014516-094517A_v2.dat
2.6178255  13.432   0.013  35.601   1.441   25.48  0.655 b  J014516-094517A_v2.dat
2.6220823  13.481   0.010  31.181   0.906   25.47  1.149 r  J014516-094517A_v2.dat
2.6242524  13.297   0.016  32.669   1.492   26.52  1.029 l  J014516-094517A_v2.dat
2.6355970  13.224   0.011  29.668   0.896   28.33  1.029 c  J014516-094517A_v2.dat
2.6392209  14.113   0.009  26.483   0.349   31.17  1.463 b  J014516-094517A_v2.dat
2.6410774  13.881   0.005  29.428   0.377   31.19  1.007 b  J014516-094517A_v2.dat
2.6476394  13.167   0.012  19.529   0.613   30.31  1.233 c  J014516-094517A_v2.dat
2.6506509  13.092   0.018  40.230   2.092   30.13  1.103 c  J014516-094517A_v2.dat
2.6516924  13.806   0.006  21.586   0.241   29.89  1.206 c  J014516-094517A_v2.dat
2.6557462  13.325   0.010  20.178   0.519   27.85  1.274 c  J014516-094517A_v2.dat
2.6582712  12.987   0.017  35.524   1.704   28.13  0.751 c  J014516-094517A_v2.dat
2.6732300  13.143   0.013  25.234   0.943   31.83  1.176 r  J014516-094517A_v2.dat
2.1618934  13.610   0.003  23.636   0.149   67.18  0.895 c  J014516-094517A_v1.dat
2.1673462  12.996   0.013  29.302   1.055   72.39  2.232 c  J014516-094517A_v1.dat
2.2258444  13.251   0.008  26.759   0.661   56.56  1.189 b  J014516-094517A_v1.dat
2.2268227  13.074   0.019  32.671   1.905   56.95  1.190 b  J014516-094517A_v1.dat
2.2303323  13.040   0.013  26.497   1.107   58.63  0.943 b  J014516-094517A_v1.dat
2.2462038  13.180   0.009  31.011   0.754   60.17  1.396 c  J014516-094517A_v1.dat
2.2492745  13.254   0.010  27.936   0.783   57.02  1.517 l  J014516-094517A_v1.dat
2.2506910  13.338   0.006  23.530   0.439   56.28  0.723 b  J014516-094517A_v1.dat
2.2540248  13.025   0.010  19.716   0.616   55.92  0.674 b  J014516-094517A_v1.dat
2.2573882  13.071   0.012  29.698   0.941   55.70  1.313 c  J014516-094517A_v1.dat
2.2611950  13.258   0.007  22.605   0.511   55.93  1.161 b  J014516-094517A_v1.dat
2.2632769  13.775   0.003  29.166   0.259   55.71  0.895 b  J014516-094517A_v1.dat
2.2711683  13.009   0.013  29.129   1.004   64.57  1.681 c  J014516-094517A_v1.dat
2.2902953  13.137   0.010  29.543   0.881   56.36  0.916 r  J014516-094517A_v1.dat
2.2914672  13.244   0.007  26.662   0.536   56.34  0.613 r  J014516-094517A_v1.dat
2.3467536  13.214   0.007  21.510   0.470   59.41  1.028 r  J014516-094517A_v1.dat
2.3531924  13.169   0.010  22.540   0.589   54.45  1.699 c  J014516-094517A_v1.dat
2.3734313  12.990   0.012  27.045   1.094   49.95  0.581 b  J014516-094517A_v1.dat
2.4026621  13.412   0.009  26.351   0.687   53.69  1.813 r  J014516-094517A_v1.dat
2.4069406  13.376   0.007  32.174   0.627   53.67  0.765 r  J014516-094517A_v1.dat
2.4268375  13.061   0.009  19.671   0.586   60.99  0.942 b  J014516-094517A_v1.dat
2.4512918  13.103   0.013  37.913   1.490   57.30  0.439 b  J014516-094517A_v1.dat
2.4564740  13.021   0.012  23.949   0.782   57.98  1.439 c  J014516-094517A_v1.dat
2.4616949  13.683   0.004  25.227   0.272   60.24  0.993 b  J014516-094517A_v1.dat
2.4736091  12.997   0.017  31.159   1.561   59.44  1.248 l  J014516-094517A_v1.dat
2.4968920  13.168   0.010  18.814   0.619   55.09  1.170 r  J014516-094517A_v1.dat
2.5059573  13.273   0.008  23.323   0.542   59.74  1.412 b  J014516-094517A_v1.dat
2.5112395  13.017   0.014  34.643   1.384   63.36  0.854 l  J014516-094517A_v1.dat
2.5441401  13.023   0.013  32.053   1.143   62.55  1.560 c  J014516-094517A_v1.dat
2.5471657  13.415   0.004  24.332   0.264   63.90  1.191 c  J014516-094517A_v1.dat
2.5573721  13.215   0.010  30.751   0.936   68.66  1.472 b  J014516-094517A_v1.dat
2.5620759  13.362   0.006  29.066   0.462   65.88  1.637 c  J014516-094517A_v1.dat
2.5671208  13.464   0.006  26.914   0.502   59.60  1.320 b  J014516-094517A_v1.dat
2.5680327  13.462   0.006  20.635   0.344   59.60  1.601 r  J014516-094517A_v1.dat
2.5936195  13.013   0.010  29.693   0.886   67.79  0.904 r  J014516-094517A_v1.dat
2.6355934  13.153   0.007  26.176   0.565   69.67  1.052 b  J014516-094517A_v1.dat
2.6476378  13.160   0.006  19.352   0.324   72.53  0.756 r  J014516-094517A_v1.dat
2.6557345  13.296   0.006  19.042   0.329   62.05  0.915 l  J014516-094517A_v1.dat
2.1419678  13.502   0.006  28.537   0.490   62.24  1.691 r  J014516-094517A_v1.dat
2.1825500  14.181   0.004  29.056   0.196   65.60  1.348 r  J014516-094517A_v1.dat
2.1851567  13.755   0.003  27.862   0.247   63.12  1.085 b  J014516-094517A_v1.dat
2.2248748  13.740   0.005  22.688   0.302   56.54  1.866 l  J014516-094517A_v1.dat
2.2694822  13.659   0.004  24.502   0.272   62.61  1.482 l  J014516-094517A_v1.dat
2.4172000  14.060   0.003  27.990   0.194   55.75  1.081 b  J014516-094517A_v1.dat
2.4815426  13.479   0.006  20.829   0.390   54.90  1.321 b  J014516-094517A_v1.dat
2.4962427  13.953   0.004  21.992   0.171   55.06  1.044 l  J014516-094517A_v1.dat
2.5192712  13.763   0.003  24.661   0.194   62.41  0.834 b  J014516-094517A_v1.dat
2.5842832  13.652   0.004  20.432   0.232   64.13  1.504 r  J014516-094517A_v1.dat
